MaskName:level10_nav_mask.txt
MaskW:59
MaskH:20
MaskdW:0.8
MaskdH:0.8
0,0,-24.25,-8.7,5,-23.45,-8.7,5,-24.25,-7.9,5,-23.45,-7.9,5,0
1,0,-23.45,-8.7,5,-22.65,-8.7,5,-23.45,-7.9,5,-22.65,-7.9,5,0
2,0,-22.65,-8.7,5,-21.85,-8.7,5,-22.65,-7.9,5,-21.85,-7.9,5,0
3,0,-21.85,-8.7,5,-21.05,-8.7,5,-21.85,-7.9,5,-21.05,-7.9,5,0
4,0,-21.05,-8.7,5,-20.25,-8.7,5,-21.05,-7.9,5,-20.25,-7.9,5,0
5,0,-20.25,-8.7,5,-19.45,-8.7,5,-20.25,-7.9,5,-19.45,-7.9,5,0
6,0,-19.45,-8.7,5,-18.65,-8.7,5,-19.45,-7.9,5,-18.65,-7.9,5,0
7,0,-18.65,-8.7,5,-17.85,-8.7,5,-18.65,-7.9,5,-17.85,-7.9,5,0
8,0,-17.85,-8.7,5,-17.05,-8.7,5,-17.85,-7.9,5,-17.05,-7.9,5,0
9,0,-17.05,-8.7,5,-16.25,-8.7,5,-17.05,-7.9,5,-16.25,-7.9,5,0
10,0,-16.25,-8.7,5,-15.45,-8.7,5,-16.25,-7.9,5,-15.45,-7.9,5,0
11,0,-15.45,-8.7,5,-14.65,-8.7,5,-15.45,-7.9,5,-14.65,-7.9,5,0
12,0,-14.65,-8.7,5,-13.85,-8.7,5,-14.65,-7.9,5,-13.85,-7.9,5,0
13,0,-13.85,-8.7,5,-13.05,-8.7,5,-13.85,-7.9,5,-13.05,-7.9,5,0
14,0,-13.05,-8.7,5,-12.25,-8.7,5,-13.05,-7.9,5,-12.25,-7.9,5,0
15,0,-12.25,-8.7,5,-11.45,-8.7,5,-12.25,-7.9,5,-11.45,-7.9,5,0
16,0,-11.45,-8.7,5,-10.65,-8.7,5,-11.45,-7.9,5,-10.65,-7.9,5,0
17,0,-10.65,-8.7,5,-9.85,-8.7,5,-10.65,-7.9,5,-9.85,-7.9,5,0
18,0,-9.85,-8.7,5,-9.05,-8.7,5,-9.85,-7.9,5,-9.05,-7.9,5,0
19,0,-9.05,-8.7,5,-8.25,-8.7,5,-9.05,-7.9,5,-8.25,-7.9,5,0
20,0,-8.25,-8.7,5,-7.45,-8.7,5,-8.25,-7.9,5,-7.45,-7.9,5,0
21,0,-7.45,-8.7,5,-6.65,-8.7,5,-7.45,-7.9,5,-6.65,-7.9,5,0
22,0,-6.65,-8.7,5,-5.85,-8.7,5,-6.65,-7.9,5,-5.85,-7.9,5,0
23,0,-5.85,-8.7,5,-5.05,-8.7,5,-5.85,-7.9,5,-5.05,-7.9,5,0
24,0,-5.05,-8.7,5,-4.25,-8.7,5,-5.05,-7.9,5,-4.25,-7.9,5,0
25,0,-4.25,-8.7,5,-3.45,-8.7,5,-4.25,-7.9,5,-3.45,-7.9,5,0
26,0,-3.45,-8.7,5,-2.65,-8.7,5,-3.45,-7.9,5,-2.65,-7.9,5,0
27,0,-2.65,-8.7,5,-1.85,-8.7,5,-2.65,-7.9,5,-1.85,-7.9,5,0
28,0,-1.85,-8.7,5,-1.05,-8.7,5,-1.85,-7.9,5,-1.05,-7.9,5,0
29,0,-1.05,-8.7,5,-0.25,-8.7,5,-1.05,-7.9,5,-0.25,-7.9,5,0
30,0,-0.25,-8.7,5,0.549999,-8.7,5,-0.25,-7.9,5,0.549999,-7.9,5,0
31,0,0.549999,-8.7,5,1.35,-8.7,5,0.549999,-7.9,5,1.35,-7.9,5,0
32,0,1.35,-8.7,5,2.15,-8.7,5,1.35,-7.9,5,2.15,-7.9,5,0
33,0,2.15,-8.7,5,2.95,-8.7,5,2.15,-7.9,5,2.95,-7.9,5,0
34,0,2.95,-8.7,5,3.75,-8.7,5,2.95,-7.9,5,3.75,-7.9,5,0
35,0,3.75,-8.7,5,4.55,-8.7,5,3.75,-7.9,5,4.55,-7.9,5,0
36,0,4.55,-8.7,5,5.35,-8.7,5,4.55,-7.9,5,5.35,-7.9,5,0
37,0,5.35,-8.7,5,6.15,-8.7,5,5.35,-7.9,5,6.15,-7.9,5,0
38,0,6.15,-8.7,5,6.95,-8.7,5,6.15,-7.9,5,6.95,-7.9,5,0
39,0,6.95,-8.7,5,7.75,-8.7,5,6.95,-7.9,5,7.75,-7.9,5,0
40,0,7.75,-8.7,5,8.55,-8.7,5,7.75,-7.9,5,8.55,-7.9,5,0
41,0,8.55,-8.7,5,9.35,-8.7,5,8.55,-7.9,5,9.35,-7.9,5,0
42,0,9.35,-8.7,5,10.15,-8.7,5,9.35,-7.9,5,10.15,-7.9,5,0
43,0,10.15,-8.7,5,10.95,-8.7,5,10.15,-7.9,5,10.95,-7.9,5,0
44,0,10.95,-8.7,5,11.75,-8.7,5,10.95,-7.9,5,11.75,-7.9,5,0
45,0,11.75,-8.7,5,12.55,-8.7,5,11.75,-7.9,5,12.55,-7.9,5,0
46,0,12.55,-8.7,5,13.35,-8.7,5,12.55,-7.9,5,13.35,-7.9,5,0
47,0,13.35,-8.7,5,14.15,-8.7,5,13.35,-7.9,5,14.15,-7.9,5,0
48,0,14.15,-8.7,5,14.95,-8.7,5,14.15,-7.9,5,14.95,-7.9,5,0
49,0,14.95,-8.7,5,15.75,-8.7,5,14.95,-7.9,5,15.75,-7.9,5,0
50,0,15.75,-8.7,5,16.55,-8.7,5,15.75,-7.9,5,16.55,-7.9,5,0
51,0,16.55,-8.7,5,17.35,-8.7,5,16.55,-7.9,5,17.35,-7.9,5,0
52,0,17.35,-8.7,5,18.15,-8.7,5,17.35,-7.9,5,18.15,-7.9,5,0
53,0,18.15,-8.7,5,18.95,-8.7,5,18.15,-7.9,5,18.95,-7.9,5,0
54,0,18.95,-8.7,5,19.75,-8.7,5,18.95,-7.9,5,19.75,-7.9,5,0
55,0,19.75,-8.7,5,20.55,-8.7,5,19.75,-7.9,5,20.55,-7.9,5,0
56,0,20.55,-8.7,5,21.35,-8.7,5,20.55,-7.9,5,21.35,-7.9,5,0
57,0,21.35,-8.7,5,22.15,-8.7,5,21.35,-7.9,5,22.15,-7.9,5,0
58,0,22.15,-8.7,5,22.95,-8.7,5,22.15,-7.9,5,22.95,-7.9,5,0
0,1,-24.25,-7.9,5,-23.45,-7.9,5,-24.25,-7.1,5,-23.45,-7.1,5,0
1,1,-23.45,-7.9,5,-22.65,-7.9,5,-23.45,-7.1,5,-22.65,-7.1,5,0
2,1,-22.65,-7.9,5,-21.85,-7.9,5,-22.65,-7.1,5,-21.85,-7.1,5,0
3,1,-21.85,-7.9,5,-21.05,-7.9,5,-21.85,-7.1,5,-21.05,-7.1,5,0
4,1,-21.05,-7.9,5,-20.25,-7.9,5,-21.05,-7.1,5,-20.25,-7.1,5,0
5,1,-20.25,-7.9,5,-19.45,-7.9,5,-20.25,-7.1,5,-19.45,-7.1,5,0
6,1,-19.45,-7.9,5,-18.65,-7.9,5,-19.45,-7.1,5,-18.65,-7.1,5,0
7,1,-18.65,-7.9,5,-17.85,-7.9,5,-18.65,-7.1,5,-17.85,-7.1,5,0
8,1,-17.85,-7.9,5,-17.05,-7.9,5,-17.85,-7.1,5,-17.05,-7.1,5,0
9,1,-17.05,-7.9,5,-16.25,-7.9,5,-17.05,-7.1,5,-16.25,-7.1,5,0
10,1,-16.25,-7.9,5,-15.45,-7.9,5,-16.25,-7.1,5,-15.45,-7.1,5,0
11,1,-15.45,-7.9,5,-14.65,-7.9,5,-15.45,-7.1,5,-14.65,-7.1,5,0
12,1,-14.65,-7.9,5,-13.85,-7.9,5,-14.65,-7.1,5,-13.85,-7.1,5,0
13,1,-13.85,-7.9,5,-13.05,-7.9,5,-13.85,-7.1,5,-13.05,-7.1,5,0
14,1,-13.05,-7.9,5,-12.25,-7.9,5,-13.05,-7.1,5,-12.25,-7.1,5,0
15,1,-12.25,-7.9,5,-11.45,-7.9,5,-12.25,-7.1,5,-11.45,-7.1,5,0
16,1,-11.45,-7.9,5,-10.65,-7.9,5,-11.45,-7.1,5,-10.65,-7.1,5,0
17,1,-10.65,-7.9,5,-9.85,-7.9,5,-10.65,-7.1,5,-9.85,-7.1,5,0
18,1,-9.85,-7.9,5,-9.05,-7.9,5,-9.85,-7.1,5,-9.05,-7.1,5,0
19,1,-9.05,-7.9,5,-8.25,-7.9,5,-9.05,-7.1,5,-8.25,-7.1,5,0
20,1,-8.25,-7.9,5,-7.45,-7.9,5,-8.25,-7.1,5,-7.45,-7.1,5,0
21,1,-7.45,-7.9,5,-6.65,-7.9,5,-7.45,-7.1,5,-6.65,-7.1,5,0
22,1,-6.65,-7.9,5,-5.85,-7.9,5,-6.65,-7.1,5,-5.85,-7.1,5,0
23,1,-5.85,-7.9,5,-5.05,-7.9,5,-5.85,-7.1,5,-5.05,-7.1,5,0
24,1,-5.05,-7.9,5,-4.25,-7.9,5,-5.05,-7.1,5,-4.25,-7.1,5,0
25,1,-4.25,-7.9,5,-3.45,-7.9,5,-4.25,-7.1,5,-3.45,-7.1,5,0
26,1,-3.45,-7.9,5,-2.65,-7.9,5,-3.45,-7.1,5,-2.65,-7.1,5,0
27,1,-2.65,-7.9,5,-1.85,-7.9,5,-2.65,-7.1,5,-1.85,-7.1,5,0
28,1,-1.85,-7.9,5,-1.05,-7.9,5,-1.85,-7.1,5,-1.05,-7.1,5,0
29,1,-1.05,-7.9,5,-0.25,-7.9,5,-1.05,-7.1,5,-0.25,-7.1,5,0
30,1,-0.25,-7.9,5,0.549999,-7.9,5,-0.25,-7.1,5,0.549999,-7.1,5,0
31,1,0.549999,-7.9,5,1.35,-7.9,5,0.549999,-7.1,5,1.35,-7.1,5,0
32,1,1.35,-7.9,5,2.15,-7.9,5,1.35,-7.1,5,2.15,-7.1,5,0
33,1,2.15,-7.9,5,2.95,-7.9,5,2.15,-7.1,5,2.95,-7.1,5,0
34,1,2.95,-7.9,5,3.75,-7.9,5,2.95,-7.1,5,3.75,-7.1,5,0
35,1,3.75,-7.9,5,4.55,-7.9,5,3.75,-7.1,5,4.55,-7.1,5,0
36,1,4.55,-7.9,5,5.35,-7.9,5,4.55,-7.1,5,5.35,-7.1,5,0
37,1,5.35,-7.9,5,6.15,-7.9,5,5.35,-7.1,5,6.15,-7.1,5,0
38,1,6.15,-7.9,5,6.95,-7.9,5,6.15,-7.1,5,6.95,-7.1,5,0
39,1,6.95,-7.9,5,7.75,-7.9,5,6.95,-7.1,5,7.75,-7.1,5,0
40,1,7.75,-7.9,5,8.55,-7.9,5,7.75,-7.1,5,8.55,-7.1,5,0
41,1,8.55,-7.9,5,9.35,-7.9,5,8.55,-7.1,5,9.35,-7.1,5,0
42,1,9.35,-7.9,5,10.15,-7.9,5,9.35,-7.1,5,10.15,-7.1,5,0
43,1,10.15,-7.9,5,10.95,-7.9,5,10.15,-7.1,5,10.95,-7.1,5,0
44,1,10.95,-7.9,5,11.75,-7.9,5,10.95,-7.1,5,11.75,-7.1,5,0
45,1,11.75,-7.9,5,12.55,-7.9,5,11.75,-7.1,5,12.55,-7.1,5,0
46,1,12.55,-7.9,5,13.35,-7.9,5,12.55,-7.1,5,13.35,-7.1,5,0
47,1,13.35,-7.9,5,14.15,-7.9,5,13.35,-7.1,5,14.15,-7.1,5,0
48,1,14.15,-7.9,5,14.95,-7.9,5,14.15,-7.1,5,14.95,-7.1,5,0
49,1,14.95,-7.9,5,15.75,-7.9,5,14.95,-7.1,5,15.75,-7.1,5,0
50,1,15.75,-7.9,5,16.55,-7.9,5,15.75,-7.1,5,16.55,-7.1,5,0
51,1,16.55,-7.9,5,17.35,-7.9,5,16.55,-7.1,5,17.35,-7.1,5,0
52,1,17.35,-7.9,5,18.15,-7.9,5,17.35,-7.1,5,18.15,-7.1,5,0
53,1,18.15,-7.9,5,18.95,-7.9,5,18.15,-7.1,5,18.95,-7.1,5,0
54,1,18.95,-7.9,5,19.75,-7.9,5,18.95,-7.1,5,19.75,-7.1,5,0
55,1,19.75,-7.9,5,20.55,-7.9,5,19.75,-7.1,5,20.55,-7.1,5,0
56,1,20.55,-7.9,5,21.35,-7.9,5,20.55,-7.1,5,21.35,-7.1,5,0
57,1,21.35,-7.9,5,22.15,-7.9,5,21.35,-7.1,5,22.15,-7.1,5,0
58,1,22.15,-7.9,5,22.95,-7.9,5,22.15,-7.1,5,22.95,-7.1,5,0
0,2,-24.25,-7.1,5,-23.45,-7.1,5,-24.25,-6.3,5,-23.45,-6.3,5,0
1,2,-23.45,-7.1,5,-22.65,-7.1,5,-23.45,-6.3,5,-22.65,-6.3,5,0
2,2,-22.65,-7.1,5,-21.85,-7.1,5,-22.65,-6.3,5,-21.85,-6.3,5,0
3,2,-21.85,-7.1,5,-21.05,-7.1,5,-21.85,-6.3,5,-21.05,-6.3,5,0
4,2,-21.05,-7.1,5,-20.25,-7.1,5,-21.05,-6.3,5,-20.25,-6.3,5,0
5,2,-20.25,-7.1,5,-19.45,-7.1,5,-20.25,-6.3,5,-19.45,-6.3,5,0
6,2,-19.45,-7.1,5,-18.65,-7.1,5,-19.45,-6.3,5,-18.65,-6.3,5,0
7,2,-18.65,-7.1,5,-17.85,-7.1,5,-18.65,-6.3,5,-17.85,-6.3,5,0
8,2,-17.85,-7.1,5,-17.05,-7.1,5,-17.85,-6.3,5,-17.05,-6.3,5,0
9,2,-17.05,-7.1,5,-16.25,-7.1,5,-17.05,-6.3,5,-16.25,-6.3,5,0
10,2,-16.25,-7.1,5,-15.45,-7.1,5,-16.25,-6.3,5,-15.45,-6.3,5,0
11,2,-15.45,-7.1,5,-14.65,-7.1,5,-15.45,-6.3,5,-14.65,-6.3,5,0
12,2,-14.65,-7.1,5,-13.85,-7.1,5,-14.65,-6.3,5,-13.85,-6.3,5,0
13,2,-13.85,-7.1,5,-13.05,-7.1,5,-13.85,-6.3,5,-13.05,-6.3,5,0
14,2,-13.05,-7.1,5,-12.25,-7.1,5,-13.05,-6.3,5,-12.25,-6.3,5,0
15,2,-12.25,-7.1,5,-11.45,-7.1,5,-12.25,-6.3,5,-11.45,-6.3,5,0
16,2,-11.45,-7.1,5,-10.65,-7.1,5,-11.45,-6.3,5,-10.65,-6.3,5,0
17,2,-10.65,-7.1,5,-9.85,-7.1,5,-10.65,-6.3,5,-9.85,-6.3,5,0
18,2,-9.85,-7.1,5,-9.05,-7.1,5,-9.85,-6.3,5,-9.05,-6.3,5,0
19,2,-9.05,-7.1,5,-8.25,-7.1,5,-9.05,-6.3,5,-8.25,-6.3,5,0
20,2,-8.25,-7.1,5,-7.45,-7.1,5,-8.25,-6.3,5,-7.45,-6.3,5,0
21,2,-7.45,-7.1,5,-6.65,-7.1,5,-7.45,-6.3,5,-6.65,-6.3,5,0
22,2,-6.65,-7.1,5,-5.85,-7.1,5,-6.65,-6.3,5,-5.85,-6.3,5,0
23,2,-5.85,-7.1,5,-5.05,-7.1,5,-5.85,-6.3,5,-5.05,-6.3,5,0
24,2,-5.05,-7.1,5,-4.25,-7.1,5,-5.05,-6.3,5,-4.25,-6.3,5,0
25,2,-4.25,-7.1,5,-3.45,-7.1,5,-4.25,-6.3,5,-3.45,-6.3,5,0
26,2,-3.45,-7.1,5,-2.65,-7.1,5,-3.45,-6.3,5,-2.65,-6.3,5,0
27,2,-2.65,-7.1,5,-1.85,-7.1,5,-2.65,-6.3,5,-1.85,-6.3,5,0
28,2,-1.85,-7.1,5,-1.05,-7.1,5,-1.85,-6.3,5,-1.05,-6.3,5,0
29,2,-1.05,-7.1,5,-0.25,-7.1,5,-1.05,-6.3,5,-0.25,-6.3,5,0
30,2,-0.25,-7.1,5,0.549999,-7.1,5,-0.25,-6.3,5,0.549999,-6.3,5,0
31,2,0.549999,-7.1,5,1.35,-7.1,5,0.549999,-6.3,5,1.35,-6.3,5,0
32,2,1.35,-7.1,5,2.15,-7.1,5,1.35,-6.3,5,2.15,-6.3,5,0
33,2,2.15,-7.1,5,2.95,-7.1,5,2.15,-6.3,5,2.95,-6.3,5,0
34,2,2.95,-7.1,5,3.75,-7.1,5,2.95,-6.3,5,3.75,-6.3,5,0
35,2,3.75,-7.1,5,4.55,-7.1,5,3.75,-6.3,5,4.55,-6.3,5,0
36,2,4.55,-7.1,5,5.35,-7.1,5,4.55,-6.3,5,5.35,-6.3,5,0
37,2,5.35,-7.1,5,6.15,-7.1,5,5.35,-6.3,5,6.15,-6.3,5,0
38,2,6.15,-7.1,5,6.95,-7.1,5,6.15,-6.3,5,6.95,-6.3,5,0
39,2,6.95,-7.1,5,7.75,-7.1,5,6.95,-6.3,5,7.75,-6.3,5,0
40,2,7.75,-7.1,5,8.55,-7.1,5,7.75,-6.3,5,8.55,-6.3,5,0
41,2,8.55,-7.1,5,9.35,-7.1,5,8.55,-6.3,5,9.35,-6.3,5,0
42,2,9.35,-7.1,5,10.15,-7.1,5,9.35,-6.3,5,10.15,-6.3,5,0
43,2,10.15,-7.1,5,10.95,-7.1,5,10.15,-6.3,5,10.95,-6.3,5,0
44,2,10.95,-7.1,5,11.75,-7.1,5,10.95,-6.3,5,11.75,-6.3,5,0
45,2,11.75,-7.1,5,12.55,-7.1,5,11.75,-6.3,5,12.55,-6.3,5,0
46,2,12.55,-7.1,5,13.35,-7.1,5,12.55,-6.3,5,13.35,-6.3,5,0
47,2,13.35,-7.1,5,14.15,-7.1,5,13.35,-6.3,5,14.15,-6.3,5,0
48,2,14.15,-7.1,5,14.95,-7.1,5,14.15,-6.3,5,14.95,-6.3,5,0
49,2,14.95,-7.1,5,15.75,-7.1,5,14.95,-6.3,5,15.75,-6.3,5,0
50,2,15.75,-7.1,5,16.55,-7.1,5,15.75,-6.3,5,16.55,-6.3,5,0
51,2,16.55,-7.1,5,17.35,-7.1,5,16.55,-6.3,5,17.35,-6.3,5,0
52,2,17.35,-7.1,5,18.15,-7.1,5,17.35,-6.3,5,18.15,-6.3,5,0
53,2,18.15,-7.1,5,18.95,-7.1,5,18.15,-6.3,5,18.95,-6.3,5,0
54,2,18.95,-7.1,5,19.75,-7.1,5,18.95,-6.3,5,19.75,-6.3,5,0
55,2,19.75,-7.1,5,20.55,-7.1,5,19.75,-6.3,5,20.55,-6.3,5,0
56,2,20.55,-7.1,5,21.35,-7.1,5,20.55,-6.3,5,21.35,-6.3,5,0
57,2,21.35,-7.1,5,22.15,-7.1,5,21.35,-6.3,5,22.15,-6.3,5,0
58,2,22.15,-7.1,5,22.95,-7.1,5,22.15,-6.3,5,22.95,-6.3,5,0
0,3,-24.25,-6.3,5,-23.45,-6.3,5,-24.25,-5.5,5,-23.45,-5.5,5,0
1,3,-23.45,-6.3,5,-22.65,-6.3,5,-23.45,-5.5,5,-22.65,-5.5,5,0
2,3,-22.65,-6.3,5,-21.85,-6.3,5,-22.65,-5.5,5,-21.85,-5.5,5,0
3,3,-21.85,-6.3,5,-21.05,-6.3,5,-21.85,-5.5,5,-21.05,-5.5,5,0
4,3,-21.05,-6.3,5,-20.25,-6.3,5,-21.05,-5.5,5,-20.25,-5.5,5,0
5,3,-20.25,-6.3,5,-19.45,-6.3,5,-20.25,-5.5,5,-19.45,-5.5,5,0
6,3,-19.45,-6.3,5,-18.65,-6.3,5,-19.45,-5.5,5,-18.65,-5.5,5,0
7,3,-18.65,-6.3,5,-17.85,-6.3,5,-18.65,-5.5,5,-17.85,-5.5,5,0
8,3,-17.85,-6.3,5,-17.05,-6.3,5,-17.85,-5.5,5,-17.05,-5.5,5,0
9,3,-17.05,-6.3,5,-16.25,-6.3,5,-17.05,-5.5,5,-16.25,-5.5,5,0
10,3,-16.25,-6.3,5,-15.45,-6.3,5,-16.25,-5.5,5,-15.45,-5.5,5,0
11,3,-15.45,-6.3,5,-14.65,-6.3,5,-15.45,-5.5,5,-14.65,-5.5,5,0
12,3,-14.65,-6.3,5,-13.85,-6.3,5,-14.65,-5.5,5,-13.85,-5.5,5,0
13,3,-13.85,-6.3,5,-13.05,-6.3,5,-13.85,-5.5,5,-13.05,-5.5,5,0
14,3,-13.05,-6.3,5,-12.25,-6.3,5,-13.05,-5.5,5,-12.25,-5.5,5,0
15,3,-12.25,-6.3,5,-11.45,-6.3,5,-12.25,-5.5,5,-11.45,-5.5,5,0
16,3,-11.45,-6.3,5,-10.65,-6.3,5,-11.45,-5.5,5,-10.65,-5.5,5,0
17,3,-10.65,-6.3,5,-9.85,-6.3,5,-10.65,-5.5,5,-9.85,-5.5,5,0
18,3,-9.85,-6.3,5,-9.05,-6.3,5,-9.85,-5.5,5,-9.05,-5.5,5,0
19,3,-9.05,-6.3,5,-8.25,-6.3,5,-9.05,-5.5,5,-8.25,-5.5,5,0
20,3,-8.25,-6.3,5,-7.45,-6.3,5,-8.25,-5.5,5,-7.45,-5.5,5,0
21,3,-7.45,-6.3,5,-6.65,-6.3,5,-7.45,-5.5,5,-6.65,-5.5,5,0
22,3,-6.65,-6.3,5,-5.85,-6.3,5,-6.65,-5.5,5,-5.85,-5.5,5,0
23,3,-5.85,-6.3,5,-5.05,-6.3,5,-5.85,-5.5,5,-5.05,-5.5,5,0
24,3,-5.05,-6.3,5,-4.25,-6.3,5,-5.05,-5.5,5,-4.25,-5.5,5,0
25,3,-4.25,-6.3,5,-3.45,-6.3,5,-4.25,-5.5,5,-3.45,-5.5,5,0
26,3,-3.45,-6.3,5,-2.65,-6.3,5,-3.45,-5.5,5,-2.65,-5.5,5,0
27,3,-2.65,-6.3,5,-1.85,-6.3,5,-2.65,-5.5,5,-1.85,-5.5,5,0
28,3,-1.85,-6.3,5,-1.05,-6.3,5,-1.85,-5.5,5,-1.05,-5.5,5,0
29,3,-1.05,-6.3,5,-0.25,-6.3,5,-1.05,-5.5,5,-0.25,-5.5,5,0
30,3,-0.25,-6.3,5,0.549999,-6.3,5,-0.25,-5.5,5,0.549999,-5.5,5,0
31,3,0.549999,-6.3,5,1.35,-6.3,5,0.549999,-5.5,5,1.35,-5.5,5,0
32,3,1.35,-6.3,5,2.15,-6.3,5,1.35,-5.5,5,2.15,-5.5,5,0
33,3,2.15,-6.3,5,2.95,-6.3,5,2.15,-5.5,5,2.95,-5.5,5,0
34,3,2.95,-6.3,5,3.75,-6.3,5,2.95,-5.5,5,3.75,-5.5,5,0
35,3,3.75,-6.3,5,4.55,-6.3,5,3.75,-5.5,5,4.55,-5.5,5,0
36,3,4.55,-6.3,5,5.35,-6.3,5,4.55,-5.5,5,5.35,-5.5,5,0
37,3,5.35,-6.3,5,6.15,-6.3,5,5.35,-5.5,5,6.15,-5.5,5,0
38,3,6.15,-6.3,5,6.95,-6.3,5,6.15,-5.5,5,6.95,-5.5,5,0
39,3,6.95,-6.3,5,7.75,-6.3,5,6.95,-5.5,5,7.75,-5.5,5,0
40,3,7.75,-6.3,5,8.55,-6.3,5,7.75,-5.5,5,8.55,-5.5,5,0
41,3,8.55,-6.3,5,9.35,-6.3,5,8.55,-5.5,5,9.35,-5.5,5,0
42,3,9.35,-6.3,5,10.15,-6.3,5,9.35,-5.5,5,10.15,-5.5,5,0
43,3,10.15,-6.3,5,10.95,-6.3,5,10.15,-5.5,5,10.95,-5.5,5,0
44,3,10.95,-6.3,5,11.75,-6.3,5,10.95,-5.5,5,11.75,-5.5,5,0
45,3,11.75,-6.3,5,12.55,-6.3,5,11.75,-5.5,5,12.55,-5.5,5,0
46,3,12.55,-6.3,5,13.35,-6.3,5,12.55,-5.5,5,13.35,-5.5,5,0
47,3,13.35,-6.3,5,14.15,-6.3,5,13.35,-5.5,5,14.15,-5.5,5,0
48,3,14.15,-6.3,5,14.95,-6.3,5,14.15,-5.5,5,14.95,-5.5,5,0
49,3,14.95,-6.3,5,15.75,-6.3,5,14.95,-5.5,5,15.75,-5.5,5,0
50,3,15.75,-6.3,5,16.55,-6.3,5,15.75,-5.5,5,16.55,-5.5,5,0
51,3,16.55,-6.3,5,17.35,-6.3,5,16.55,-5.5,5,17.35,-5.5,5,0
52,3,17.35,-6.3,5,18.15,-6.3,5,17.35,-5.5,5,18.15,-5.5,5,0
53,3,18.15,-6.3,5,18.95,-6.3,5,18.15,-5.5,5,18.95,-5.5,5,0
54,3,18.95,-6.3,5,19.75,-6.3,5,18.95,-5.5,5,19.75,-5.5,5,0
55,3,19.75,-6.3,5,20.55,-6.3,5,19.75,-5.5,5,20.55,-5.5,5,0
56,3,20.55,-6.3,5,21.35,-6.3,5,20.55,-5.5,5,21.35,-5.5,5,0
57,3,21.35,-6.3,5,22.15,-6.3,5,21.35,-5.5,5,22.15,-5.5,5,0
58,3,22.15,-6.3,5,22.95,-6.3,5,22.15,-5.5,5,22.95,-5.5,5,0
0,4,-24.25,-5.5,5,-23.45,-5.5,5,-24.25,-4.7,5,-23.45,-4.7,5,0
1,4,-23.45,-5.5,5,-22.65,-5.5,5,-23.45,-4.7,5,-22.65,-4.7,5,0
2,4,-22.65,-5.5,5,-21.85,-5.5,5,-22.65,-4.7,5,-21.85,-4.7,5,0
3,4,-21.85,-5.5,5,-21.05,-5.5,5,-21.85,-4.7,5,-21.05,-4.7,5,0
4,4,-21.05,-5.5,5,-20.25,-5.5,5,-21.05,-4.7,5,-20.25,-4.7,5,0
5,4,-20.25,-5.5,5,-19.45,-5.5,5,-20.25,-4.7,5,-19.45,-4.7,5,0
6,4,-19.45,-5.5,5,-18.65,-5.5,5,-19.45,-4.7,5,-18.65,-4.7,5,0
7,4,-18.65,-5.5,5,-17.85,-5.5,5,-18.65,-4.7,5,-17.85,-4.7,5,0
8,4,-17.85,-5.5,5,-17.05,-5.5,5,-17.85,-4.7,5,-17.05,-4.7,5,0
9,4,-17.05,-5.5,5,-16.25,-5.5,5,-17.05,-4.7,5,-16.25,-4.7,5,0
10,4,-16.25,-5.5,5,-15.45,-5.5,5,-16.25,-4.7,5,-15.45,-4.7,5,0
11,4,-15.45,-5.5,5,-14.65,-5.5,5,-15.45,-4.7,5,-14.65,-4.7,5,0
12,4,-14.65,-5.5,5,-13.85,-5.5,5,-14.65,-4.7,5,-13.85,-4.7,5,0
13,4,-13.85,-5.5,5,-13.05,-5.5,5,-13.85,-4.7,5,-13.05,-4.7,5,0
14,4,-13.05,-5.5,5,-12.25,-5.5,5,-13.05,-4.7,5,-12.25,-4.7,5,0
15,4,-12.25,-5.5,5,-11.45,-5.5,5,-12.25,-4.7,5,-11.45,-4.7,5,0
16,4,-11.45,-5.5,5,-10.65,-5.5,5,-11.45,-4.7,5,-10.65,-4.7,5,0
17,4,-10.65,-5.5,5,-9.85,-5.5,5,-10.65,-4.7,5,-9.85,-4.7,5,0
18,4,-9.85,-5.5,5,-9.05,-5.5,5,-9.85,-4.7,5,-9.05,-4.7,5,0
19,4,-9.05,-5.5,5,-8.25,-5.5,5,-9.05,-4.7,5,-8.25,-4.7,5,0
20,4,-8.25,-5.5,5,-7.45,-5.5,5,-8.25,-4.7,5,-7.45,-4.7,5,0
21,4,-7.45,-5.5,5,-6.65,-5.5,5,-7.45,-4.7,5,-6.65,-4.7,5,0
22,4,-6.65,-5.5,5,-5.85,-5.5,5,-6.65,-4.7,5,-5.85,-4.7,5,0
23,4,-5.85,-5.5,5,-5.05,-5.5,5,-5.85,-4.7,5,-5.05,-4.7,5,0
24,4,-5.05,-5.5,5,-4.25,-5.5,5,-5.05,-4.7,5,-4.25,-4.7,5,0
25,4,-4.25,-5.5,5,-3.45,-5.5,5,-4.25,-4.7,5,-3.45,-4.7,5,0
26,4,-3.45,-5.5,5,-2.65,-5.5,5,-3.45,-4.7,5,-2.65,-4.7,5,0
27,4,-2.65,-5.5,5,-1.85,-5.5,5,-2.65,-4.7,5,-1.85,-4.7,5,0
28,4,-1.85,-5.5,5,-1.05,-5.5,5,-1.85,-4.7,5,-1.05,-4.7,5,0
29,4,-1.05,-5.5,5,-0.25,-5.5,5,-1.05,-4.7,5,-0.25,-4.7,5,0
30,4,-0.25,-5.5,5,0.549999,-5.5,5,-0.25,-4.7,5,0.549999,-4.7,5,0
31,4,0.549999,-5.5,5,1.35,-5.5,5,0.549999,-4.7,5,1.35,-4.7,5,0
32,4,1.35,-5.5,5,2.15,-5.5,5,1.35,-4.7,5,2.15,-4.7,5,0
33,4,2.15,-5.5,5,2.95,-5.5,5,2.15,-4.7,5,2.95,-4.7,5,0
34,4,2.95,-5.5,5,3.75,-5.5,5,2.95,-4.7,5,3.75,-4.7,5,0
35,4,3.75,-5.5,5,4.55,-5.5,5,3.75,-4.7,5,4.55,-4.7,5,0
36,4,4.55,-5.5,5,5.35,-5.5,5,4.55,-4.7,5,5.35,-4.7,5,0
37,4,5.35,-5.5,5,6.15,-5.5,5,5.35,-4.7,5,6.15,-4.7,5,0
38,4,6.15,-5.5,5,6.95,-5.5,5,6.15,-4.7,5,6.95,-4.7,5,0
39,4,6.95,-5.5,5,7.75,-5.5,5,6.95,-4.7,5,7.75,-4.7,5,0
40,4,7.75,-5.5,5,8.55,-5.5,5,7.75,-4.7,5,8.55,-4.7,5,0
41,4,8.55,-5.5,5,9.35,-5.5,5,8.55,-4.7,5,9.35,-4.7,5,0
42,4,9.35,-5.5,5,10.15,-5.5,5,9.35,-4.7,5,10.15,-4.7,5,0
43,4,10.15,-5.5,5,10.95,-5.5,5,10.15,-4.7,5,10.95,-4.7,5,0
44,4,10.95,-5.5,5,11.75,-5.5,5,10.95,-4.7,5,11.75,-4.7,5,0
45,4,11.75,-5.5,5,12.55,-5.5,5,11.75,-4.7,5,12.55,-4.7,5,0
46,4,12.55,-5.5,5,13.35,-5.5,5,12.55,-4.7,5,13.35,-4.7,5,0
47,4,13.35,-5.5,5,14.15,-5.5,5,13.35,-4.7,5,14.15,-4.7,5,0
48,4,14.15,-5.5,5,14.95,-5.5,5,14.15,-4.7,5,14.95,-4.7,5,0
49,4,14.95,-5.5,5,15.75,-5.5,5,14.95,-4.7,5,15.75,-4.7,5,0
50,4,15.75,-5.5,5,16.55,-5.5,5,15.75,-4.7,5,16.55,-4.7,5,0
51,4,16.55,-5.5,5,17.35,-5.5,5,16.55,-4.7,5,17.35,-4.7,5,0
52,4,17.35,-5.5,5,18.15,-5.5,5,17.35,-4.7,5,18.15,-4.7,5,0
53,4,18.15,-5.5,5,18.95,-5.5,5,18.15,-4.7,5,18.95,-4.7,5,0
54,4,18.95,-5.5,5,19.75,-5.5,5,18.95,-4.7,5,19.75,-4.7,5,0
55,4,19.75,-5.5,5,20.55,-5.5,5,19.75,-4.7,5,20.55,-4.7,5,0
56,4,20.55,-5.5,5,21.35,-5.5,5,20.55,-4.7,5,21.35,-4.7,5,0
57,4,21.35,-5.5,5,22.15,-5.5,5,21.35,-4.7,5,22.15,-4.7,5,0
58,4,22.15,-5.5,5,22.95,-5.5,5,22.15,-4.7,5,22.95,-4.7,5,0
0,5,-24.25,-4.7,5,-23.45,-4.7,5,-24.25,-3.9,5,-23.45,-3.9,5,0
1,5,-23.45,-4.7,5,-22.65,-4.7,5,-23.45,-3.9,5,-22.65,-3.9,5,0
2,5,-22.65,-4.7,5,-21.85,-4.7,5,-22.65,-3.9,5,-21.85,-3.9,5,0
3,5,-21.85,-4.7,5,-21.05,-4.7,5,-21.85,-3.9,5,-21.05,-3.9,5,0
4,5,-21.05,-4.7,5,-20.25,-4.7,5,-21.05,-3.9,5,-20.25,-3.9,5,0
5,5,-20.25,-4.7,5,-19.45,-4.7,5,-20.25,-3.9,5,-19.45,-3.9,5,0
6,5,-19.45,-4.7,5,-18.65,-4.7,5,-19.45,-3.9,5,-18.65,-3.9,5,0
7,5,-18.65,-4.7,5,-17.85,-4.7,5,-18.65,-3.9,5,-17.85,-3.9,5,0
8,5,-17.85,-4.7,5,-17.05,-4.7,5,-17.85,-3.9,5,-17.05,-3.9,5,0
9,5,-17.05,-4.7,5,-16.25,-4.7,5,-17.05,-3.9,5,-16.25,-3.9,5,0
10,5,-16.25,-4.7,5,-15.45,-4.7,5,-16.25,-3.9,5,-15.45,-3.9,5,0
11,5,-15.45,-4.7,5,-14.65,-4.7,5,-15.45,-3.9,5,-14.65,-3.9,5,0
12,5,-14.65,-4.7,5,-13.85,-4.7,5,-14.65,-3.9,5,-13.85,-3.9,5,0
13,5,-13.85,-4.7,5,-13.05,-4.7,5,-13.85,-3.9,5,-13.05,-3.9,5,0
14,5,-13.05,-4.7,5,-12.25,-4.7,5,-13.05,-3.9,5,-12.25,-3.9,5,0
15,5,-12.25,-4.7,5,-11.45,-4.7,5,-12.25,-3.9,5,-11.45,-3.9,5,0
16,5,-11.45,-4.7,5,-10.65,-4.7,5,-11.45,-3.9,5,-10.65,-3.9,5,0
17,5,-10.65,-4.7,5,-9.85,-4.7,5,-10.65,-3.9,5,-9.85,-3.9,5,0
18,5,-9.85,-4.7,5,-9.05,-4.7,5,-9.85,-3.9,5,-9.05,-3.9,5,0
19,5,-9.05,-4.7,5,-8.25,-4.7,5,-9.05,-3.9,5,-8.25,-3.9,5,0
20,5,-8.25,-4.7,5,-7.45,-4.7,5,-8.25,-3.9,5,-7.45,-3.9,5,0
21,5,-7.45,-4.7,5,-6.65,-4.7,5,-7.45,-3.9,5,-6.65,-3.9,5,0
22,5,-6.65,-4.7,5,-5.85,-4.7,5,-6.65,-3.9,5,-5.85,-3.9,5,0
23,5,-5.85,-4.7,5,-5.05,-4.7,5,-5.85,-3.9,5,-5.05,-3.9,5,0
24,5,-5.05,-4.7,5,-4.25,-4.7,5,-5.05,-3.9,5,-4.25,-3.9,5,0
25,5,-4.25,-4.7,5,-3.45,-4.7,5,-4.25,-3.9,5,-3.45,-3.9,5,0
26,5,-3.45,-4.7,5,-2.65,-4.7,5,-3.45,-3.9,5,-2.65,-3.9,5,0
27,5,-2.65,-4.7,5,-1.85,-4.7,5,-2.65,-3.9,5,-1.85,-3.9,5,0
28,5,-1.85,-4.7,5,-1.05,-4.7,5,-1.85,-3.9,5,-1.05,-3.9,5,0
29,5,-1.05,-4.7,5,-0.25,-4.7,5,-1.05,-3.9,5,-0.25,-3.9,5,0
30,5,-0.25,-4.7,5,0.549999,-4.7,5,-0.25,-3.9,5,0.549999,-3.9,5,0
31,5,0.549999,-4.7,5,1.35,-4.7,5,0.549999,-3.9,5,1.35,-3.9,5,0
32,5,1.35,-4.7,5,2.15,-4.7,5,1.35,-3.9,5,2.15,-3.9,5,0
33,5,2.15,-4.7,5,2.95,-4.7,5,2.15,-3.9,5,2.95,-3.9,5,0
34,5,2.95,-4.7,5,3.75,-4.7,5,2.95,-3.9,5,3.75,-3.9,5,0
35,5,3.75,-4.7,5,4.55,-4.7,5,3.75,-3.9,5,4.55,-3.9,5,0
36,5,4.55,-4.7,5,5.35,-4.7,5,4.55,-3.9,5,5.35,-3.9,5,0
37,5,5.35,-4.7,5,6.15,-4.7,5,5.35,-3.9,5,6.15,-3.9,5,0
38,5,6.15,-4.7,5,6.95,-4.7,5,6.15,-3.9,5,6.95,-3.9,5,0
39,5,6.95,-4.7,5,7.75,-4.7,5,6.95,-3.9,5,7.75,-3.9,5,0
40,5,7.75,-4.7,5,8.55,-4.7,5,7.75,-3.9,5,8.55,-3.9,5,0
41,5,8.55,-4.7,5,9.35,-4.7,5,8.55,-3.9,5,9.35,-3.9,5,0
42,5,9.35,-4.7,5,10.15,-4.7,5,9.35,-3.9,5,10.15,-3.9,5,0
43,5,10.15,-4.7,5,10.95,-4.7,5,10.15,-3.9,5,10.95,-3.9,5,0
44,5,10.95,-4.7,5,11.75,-4.7,5,10.95,-3.9,5,11.75,-3.9,5,0
45,5,11.75,-4.7,5,12.55,-4.7,5,11.75,-3.9,5,12.55,-3.9,5,0
46,5,12.55,-4.7,5,13.35,-4.7,5,12.55,-3.9,5,13.35,-3.9,5,0
47,5,13.35,-4.7,5,14.15,-4.7,5,13.35,-3.9,5,14.15,-3.9,5,0
48,5,14.15,-4.7,5,14.95,-4.7,5,14.15,-3.9,5,14.95,-3.9,5,0
49,5,14.95,-4.7,5,15.75,-4.7,5,14.95,-3.9,5,15.75,-3.9,5,0
50,5,15.75,-4.7,5,16.55,-4.7,5,15.75,-3.9,5,16.55,-3.9,5,0
51,5,16.55,-4.7,5,17.35,-4.7,5,16.55,-3.9,5,17.35,-3.9,5,0
52,5,17.35,-4.7,5,18.15,-4.7,5,17.35,-3.9,5,18.15,-3.9,5,0
53,5,18.15,-4.7,5,18.95,-4.7,5,18.15,-3.9,5,18.95,-3.9,5,0
54,5,18.95,-4.7,5,19.75,-4.7,5,18.95,-3.9,5,19.75,-3.9,5,0
55,5,19.75,-4.7,5,20.55,-4.7,5,19.75,-3.9,5,20.55,-3.9,5,0
56,5,20.55,-4.7,5,21.35,-4.7,5,20.55,-3.9,5,21.35,-3.9,5,0
57,5,21.35,-4.7,5,22.15,-4.7,5,21.35,-3.9,5,22.15,-3.9,5,0
58,5,22.15,-4.7,5,22.95,-4.7,5,22.15,-3.9,5,22.95,-3.9,5,0
0,6,-24.25,-3.9,5,-23.45,-3.9,5,-24.25,-3.1,5,-23.45,-3.1,5,0
1,6,-23.45,-3.9,5,-22.65,-3.9,5,-23.45,-3.1,5,-22.65,-3.1,5,0
2,6,-22.65,-3.9,5,-21.85,-3.9,5,-22.65,-3.1,5,-21.85,-3.1,5,0
3,6,-21.85,-3.9,5,-21.05,-3.9,5,-21.85,-3.1,5,-21.05,-3.1,5,0
4,6,-21.05,-3.9,5,-20.25,-3.9,5,-21.05,-3.1,5,-20.25,-3.1,5,0
5,6,-20.25,-3.9,5,-19.45,-3.9,5,-20.25,-3.1,5,-19.45,-3.1,5,0
6,6,-19.45,-3.9,5,-18.65,-3.9,5,-19.45,-3.1,5,-18.65,-3.1,5,0
7,6,-18.65,-3.9,5,-17.85,-3.9,5,-18.65,-3.1,5,-17.85,-3.1,5,0
8,6,-17.85,-3.9,5,-17.05,-3.9,5,-17.85,-3.1,5,-17.05,-3.1,5,0
9,6,-17.05,-3.9,5,-16.25,-3.9,5,-17.05,-3.1,5,-16.25,-3.1,5,0
10,6,-16.25,-3.9,5,-15.45,-3.9,5,-16.25,-3.1,5,-15.45,-3.1,5,0
11,6,-15.45,-3.9,5,-14.65,-3.9,5,-15.45,-3.1,5,-14.65,-3.1,5,0
12,6,-14.65,-3.9,5,-13.85,-3.9,5,-14.65,-3.1,5,-13.85,-3.1,5,0
13,6,-13.85,-3.9,5,-13.05,-3.9,5,-13.85,-3.1,5,-13.05,-3.1,5,0
14,6,-13.05,-3.9,5,-12.25,-3.9,5,-13.05,-3.1,5,-12.25,-3.1,5,0
15,6,-12.25,-3.9,5,-11.45,-3.9,5,-12.25,-3.1,5,-11.45,-3.1,5,0
16,6,-11.45,-3.9,5,-10.65,-3.9,5,-11.45,-3.1,5,-10.65,-3.1,5,0
17,6,-10.65,-3.9,5,-9.85,-3.9,5,-10.65,-3.1,5,-9.85,-3.1,5,0
18,6,-9.85,-3.9,5,-9.05,-3.9,5,-9.85,-3.1,5,-9.05,-3.1,5,0
19,6,-9.05,-3.9,5,-8.25,-3.9,5,-9.05,-3.1,5,-8.25,-3.1,5,0
20,6,-8.25,-3.9,5,-7.45,-3.9,5,-8.25,-3.1,5,-7.45,-3.1,5,0
21,6,-7.45,-3.9,5,-6.65,-3.9,5,-7.45,-3.1,5,-6.65,-3.1,5,0
22,6,-6.65,-3.9,5,-5.85,-3.9,5,-6.65,-3.1,5,-5.85,-3.1,5,0
23,6,-5.85,-3.9,5,-5.05,-3.9,5,-5.85,-3.1,5,-5.05,-3.1,5,0
24,6,-5.05,-3.9,5,-4.25,-3.9,5,-5.05,-3.1,5,-4.25,-3.1,5,0
25,6,-4.25,-3.9,5,-3.45,-3.9,5,-4.25,-3.1,5,-3.45,-3.1,5,0
26,6,-3.45,-3.9,5,-2.65,-3.9,5,-3.45,-3.1,5,-2.65,-3.1,5,0
27,6,-2.65,-3.9,5,-1.85,-3.9,5,-2.65,-3.1,5,-1.85,-3.1,5,0
28,6,-1.85,-3.9,5,-1.05,-3.9,5,-1.85,-3.1,5,-1.05,-3.1,5,0
29,6,-1.05,-3.9,5,-0.25,-3.9,5,-1.05,-3.1,5,-0.25,-3.1,5,0
30,6,-0.25,-3.9,5,0.549999,-3.9,5,-0.25,-3.1,5,0.549999,-3.1,5,0
31,6,0.549999,-3.9,5,1.35,-3.9,5,0.549999,-3.1,5,1.35,-3.1,5,0
32,6,1.35,-3.9,5,2.15,-3.9,5,1.35,-3.1,5,2.15,-3.1,5,0
33,6,2.15,-3.9,5,2.95,-3.9,5,2.15,-3.1,5,2.95,-3.1,5,0
34,6,2.95,-3.9,5,3.75,-3.9,5,2.95,-3.1,5,3.75,-3.1,5,0
35,6,3.75,-3.9,5,4.55,-3.9,5,3.75,-3.1,5,4.55,-3.1,5,0
36,6,4.55,-3.9,5,5.35,-3.9,5,4.55,-3.1,5,5.35,-3.1,5,0
37,6,5.35,-3.9,5,6.15,-3.9,5,5.35,-3.1,5,6.15,-3.1,5,0
38,6,6.15,-3.9,5,6.95,-3.9,5,6.15,-3.1,5,6.95,-3.1,5,0
39,6,6.95,-3.9,5,7.75,-3.9,5,6.95,-3.1,5,7.75,-3.1,5,0
40,6,7.75,-3.9,5,8.55,-3.9,5,7.75,-3.1,5,8.55,-3.1,5,0
41,6,8.55,-3.9,5,9.35,-3.9,5,8.55,-3.1,5,9.35,-3.1,5,0
42,6,9.35,-3.9,5,10.15,-3.9,5,9.35,-3.1,5,10.15,-3.1,5,0
43,6,10.15,-3.9,5,10.95,-3.9,5,10.15,-3.1,5,10.95,-3.1,5,0
44,6,10.95,-3.9,5,11.75,-3.9,5,10.95,-3.1,5,11.75,-3.1,5,0
45,6,11.75,-3.9,5,12.55,-3.9,5,11.75,-3.1,5,12.55,-3.1,5,0
46,6,12.55,-3.9,5,13.35,-3.9,5,12.55,-3.1,5,13.35,-3.1,5,0
47,6,13.35,-3.9,5,14.15,-3.9,5,13.35,-3.1,5,14.15,-3.1,5,0
48,6,14.15,-3.9,5,14.95,-3.9,5,14.15,-3.1,5,14.95,-3.1,5,0
49,6,14.95,-3.9,5,15.75,-3.9,5,14.95,-3.1,5,15.75,-3.1,5,0
50,6,15.75,-3.9,5,16.55,-3.9,5,15.75,-3.1,5,16.55,-3.1,5,0
51,6,16.55,-3.9,5,17.35,-3.9,5,16.55,-3.1,5,17.35,-3.1,5,0
52,6,17.35,-3.9,5,18.15,-3.9,5,17.35,-3.1,5,18.15,-3.1,5,1
53,6,18.15,-3.9,5,18.95,-3.9,5,18.15,-3.1,5,18.95,-3.1,5,1
54,6,18.95,-3.9,5,19.75,-3.9,5,18.95,-3.1,5,19.75,-3.1,5,1
55,6,19.75,-3.9,5,20.55,-3.9,5,19.75,-3.1,5,20.55,-3.1,5,1
56,6,20.55,-3.9,5,21.35,-3.9,5,20.55,-3.1,5,21.35,-3.1,5,0
57,6,21.35,-3.9,5,22.15,-3.9,5,21.35,-3.1,5,22.15,-3.1,5,0
58,6,22.15,-3.9,5,22.95,-3.9,5,22.15,-3.1,5,22.95,-3.1,5,0
0,7,-24.25,-3.1,5,-23.45,-3.1,5,-24.25,-2.3,5,-23.45,-2.3,5,0
1,7,-23.45,-3.1,5,-22.65,-3.1,5,-23.45,-2.3,5,-22.65,-2.3,5,0
2,7,-22.65,-3.1,5,-21.85,-3.1,5,-22.65,-2.3,5,-21.85,-2.3,5,0
3,7,-21.85,-3.1,5,-21.05,-3.1,5,-21.85,-2.3,5,-21.05,-2.3,5,0
4,7,-21.05,-3.1,5,-20.25,-3.1,5,-21.05,-2.3,5,-20.25,-2.3,5,1
5,7,-20.25,-3.1,5,-19.45,-3.1,5,-20.25,-2.3,5,-19.45,-2.3,5,1
6,7,-19.45,-3.1,5,-18.65,-3.1,5,-19.45,-2.3,5,-18.65,-2.3,5,1
7,7,-18.65,-3.1,5,-17.85,-3.1,5,-18.65,-2.3,5,-17.85,-2.3,5,1
8,7,-17.85,-3.1,5,-17.05,-3.1,5,-17.85,-2.3,5,-17.05,-2.3,5,1
9,7,-17.05,-3.1,5,-16.25,-3.1,5,-17.05,-2.3,5,-16.25,-2.3,5,1
10,7,-16.25,-3.1,5,-15.45,-3.1,5,-16.25,-2.3,5,-15.45,-2.3,5,1
11,7,-15.45,-3.1,5,-14.65,-3.1,5,-15.45,-2.3,5,-14.65,-2.3,5,1
12,7,-14.65,-3.1,5,-13.85,-3.1,5,-14.65,-2.3,5,-13.85,-2.3,5,1
13,7,-13.85,-3.1,5,-13.05,-3.1,5,-13.85,-2.3,5,-13.05,-2.3,5,1
14,7,-13.05,-3.1,5,-12.25,-3.1,5,-13.05,-2.3,5,-12.25,-2.3,5,1
15,7,-12.25,-3.1,5,-11.45,-3.1,5,-12.25,-2.3,5,-11.45,-2.3,5,1
16,7,-11.45,-3.1,5,-10.65,-3.1,5,-11.45,-2.3,5,-10.65,-2.3,5,1
17,7,-10.65,-3.1,5,-9.85,-3.1,5,-10.65,-2.3,5,-9.85,-2.3,5,1
18,7,-9.85,-3.1,5,-9.05,-3.1,5,-9.85,-2.3,5,-9.05,-2.3,5,1
19,7,-9.05,-3.1,5,-8.25,-3.1,5,-9.05,-2.3,5,-8.25,-2.3,5,1
20,7,-8.25,-3.1,5,-7.45,-3.1,5,-8.25,-2.3,5,-7.45,-2.3,5,0
21,7,-7.45,-3.1,5,-6.65,-3.1,5,-7.45,-2.3,5,-6.65,-2.3,5,0
22,7,-6.65,-3.1,5,-5.85,-3.1,5,-6.65,-2.3,5,-5.85,-2.3,5,1
23,7,-5.85,-3.1,5,-5.05,-3.1,5,-5.85,-2.3,5,-5.05,-2.3,5,1
24,7,-5.05,-3.1,5,-4.25,-3.1,5,-5.05,-2.3,5,-4.25,-2.3,5,1
25,7,-4.25,-3.1,5,-3.45,-3.1,5,-4.25,-2.3,5,-3.45,-2.3,5,0
26,7,-3.45,-3.1,5,-2.65,-3.1,5,-3.45,-2.3,5,-2.65,-2.3,5,0
27,7,-2.65,-3.1,5,-1.85,-3.1,5,-2.65,-2.3,5,-1.85,-2.3,5,0
28,7,-1.85,-3.1,5,-1.05,-3.1,5,-1.85,-2.3,5,-1.05,-2.3,5,0
29,7,-1.05,-3.1,5,-0.25,-3.1,5,-1.05,-2.3,5,-0.25,-2.3,5,1
30,7,-0.25,-3.1,5,0.549999,-3.1,5,-0.25,-2.3,5,0.549999,-2.3,5,0
31,7,0.549999,-3.1,5,1.35,-3.1,5,0.549999,-2.3,5,1.35,-2.3,5,0
32,7,1.35,-3.1,5,2.15,-3.1,5,1.35,-2.3,5,2.15,-2.3,5,0
33,7,2.15,-3.1,5,2.95,-3.1,5,2.15,-2.3,5,2.95,-2.3,5,0
34,7,2.95,-3.1,5,3.75,-3.1,5,2.95,-2.3,5,3.75,-2.3,5,0
35,7,3.75,-3.1,5,4.55,-3.1,5,3.75,-2.3,5,4.55,-2.3,5,0
36,7,4.55,-3.1,5,5.35,-3.1,5,4.55,-2.3,5,5.35,-2.3,5,0
37,7,5.35,-3.1,5,6.15,-3.1,5,5.35,-2.3,5,6.15,-2.3,5,0
38,7,6.15,-3.1,5,6.95,-3.1,5,6.15,-2.3,5,6.95,-2.3,5,0
39,7,6.95,-3.1,5,7.75,-3.1,5,6.95,-2.3,5,7.75,-2.3,5,0
40,7,7.75,-3.1,5,8.55,-3.1,5,7.75,-2.3,5,8.55,-2.3,5,0
41,7,8.55,-3.1,5,9.35,-3.1,5,8.55,-2.3,5,9.35,-2.3,5,0
42,7,9.35,-3.1,5,10.15,-3.1,5,9.35,-2.3,5,10.15,-2.3,5,0
43,7,10.15,-3.1,5,10.95,-3.1,5,10.15,-2.3,5,10.95,-2.3,5,0
44,7,10.95,-3.1,5,11.75,-3.1,5,10.95,-2.3,5,11.75,-2.3,5,0
45,7,11.75,-3.1,5,12.55,-3.1,5,11.75,-2.3,5,12.55,-2.3,5,0
46,7,12.55,-3.1,5,13.35,-3.1,5,12.55,-2.3,5,13.35,-2.3,5,0
47,7,13.35,-3.1,5,14.15,-3.1,5,13.35,-2.3,5,14.15,-2.3,5,0
48,7,14.15,-3.1,5,14.95,-3.1,5,14.15,-2.3,5,14.95,-2.3,5,0
49,7,14.95,-3.1,5,15.75,-3.1,5,14.95,-2.3,5,15.75,-2.3,5,0
50,7,15.75,-3.1,5,16.55,-3.1,5,15.75,-2.3,5,16.55,-2.3,5,0
51,7,16.55,-3.1,5,17.35,-3.1,5,16.55,-2.3,5,17.35,-2.3,5,1
52,7,17.35,-3.1,5,18.15,-3.1,5,17.35,-2.3,5,18.15,-2.3,5,1
53,7,18.15,-3.1,5,18.95,-3.1,5,18.15,-2.3,5,18.95,-2.3,5,1
54,7,18.95,-3.1,5,19.75,-3.1,5,18.95,-2.3,5,19.75,-2.3,5,1
55,7,19.75,-3.1,5,20.55,-3.1,5,19.75,-2.3,5,20.55,-2.3,5,1
56,7,20.55,-3.1,5,21.35,-3.1,5,20.55,-2.3,5,21.35,-2.3,5,0
57,7,21.35,-3.1,5,22.15,-3.1,5,21.35,-2.3,5,22.15,-2.3,5,0
58,7,22.15,-3.1,5,22.95,-3.1,5,22.15,-2.3,5,22.95,-2.3,5,0
0,8,-24.25,-2.3,5,-23.45,-2.3,5,-24.25,-1.5,5,-23.45,-1.5,5,0
1,8,-23.45,-2.3,5,-22.65,-2.3,5,-23.45,-1.5,5,-22.65,-1.5,5,0
2,8,-22.65,-2.3,5,-21.85,-2.3,5,-22.65,-1.5,5,-21.85,-1.5,5,0
3,8,-21.85,-2.3,5,-21.05,-2.3,5,-21.85,-1.5,5,-21.05,-1.5,5,1
4,8,-21.05,-2.3,5,-20.25,-2.3,5,-21.05,-1.5,5,-20.25,-1.5,5,1
5,8,-20.25,-2.3,5,-19.45,-2.3,5,-20.25,-1.5,5,-19.45,-1.5,5,1
6,8,-19.45,-2.3,5,-18.65,-2.3,5,-19.45,-1.5,5,-18.65,-1.5,5,1
7,8,-18.65,-2.3,5,-17.85,-2.3,5,-18.65,-1.5,5,-17.85,-1.5,5,1
8,8,-17.85,-2.3,5,-17.05,-2.3,5,-17.85,-1.5,5,-17.05,-1.5,5,1
9,8,-17.05,-2.3,5,-16.25,-2.3,5,-17.05,-1.5,5,-16.25,-1.5,5,1
10,8,-16.25,-2.3,5,-15.45,-2.3,5,-16.25,-1.5,5,-15.45,-1.5,5,1
11,8,-15.45,-2.3,5,-14.65,-2.3,5,-15.45,-1.5,5,-14.65,-1.5,5,1
12,8,-14.65,-2.3,5,-13.85,-2.3,5,-14.65,-1.5,5,-13.85,-1.5,5,1
13,8,-13.85,-2.3,5,-13.05,-2.3,5,-13.85,-1.5,5,-13.05,-1.5,5,1
14,8,-13.05,-2.3,5,-12.25,-2.3,5,-13.05,-1.5,5,-12.25,-1.5,5,1
15,8,-12.25,-2.3,5,-11.45,-2.3,5,-12.25,-1.5,5,-11.45,-1.5,5,1
16,8,-11.45,-2.3,5,-10.65,-2.3,5,-11.45,-1.5,5,-10.65,-1.5,5,1
17,8,-10.65,-2.3,5,-9.85,-2.3,5,-10.65,-1.5,5,-9.85,-1.5,5,1
18,8,-9.85,-2.3,5,-9.05,-2.3,5,-9.85,-1.5,5,-9.05,-1.5,5,1
19,8,-9.05,-2.3,5,-8.25,-2.3,5,-9.05,-1.5,5,-8.25,-1.5,5,1
20,8,-8.25,-2.3,5,-7.45,-2.3,5,-8.25,-1.5,5,-7.45,-1.5,5,1
21,8,-7.45,-2.3,5,-6.65,-2.3,5,-7.45,-1.5,5,-6.65,-1.5,5,1
22,8,-6.65,-2.3,5,-5.85,-2.3,5,-6.65,-1.5,5,-5.85,-1.5,5,1
23,8,-5.85,-2.3,5,-5.05,-2.3,5,-5.85,-1.5,5,-5.05,-1.5,5,1
24,8,-5.05,-2.3,5,-4.25,-2.3,5,-5.05,-1.5,5,-4.25,-1.5,5,1
25,8,-4.25,-2.3,5,-3.45,-2.3,5,-4.25,-1.5,5,-3.45,-1.5,5,1
26,8,-3.45,-2.3,5,-2.65,-2.3,5,-3.45,-1.5,5,-2.65,-1.5,5,0
27,8,-2.65,-2.3,5,-1.85,-2.3,5,-2.65,-1.5,5,-1.85,-1.5,5,0
28,8,-1.85,-2.3,5,-1.05,-2.3,5,-1.85,-1.5,5,-1.05,-1.5,5,1
29,8,-1.05,-2.3,5,-0.25,-2.3,5,-1.05,-1.5,5,-0.25,-1.5,5,1
30,8,-0.25,-2.3,5,0.549999,-2.3,5,-0.25,-1.5,5,0.549999,-1.5,5,1
31,8,0.549999,-2.3,5,1.35,-2.3,5,0.549999,-1.5,5,1.35,-1.5,5,1
32,8,1.35,-2.3,5,2.15,-2.3,5,1.35,-1.5,5,2.15,-1.5,5,1
33,8,2.15,-2.3,5,2.95,-2.3,5,2.15,-1.5,5,2.95,-1.5,5,1
34,8,2.95,-2.3,5,3.75,-2.3,5,2.95,-1.5,5,3.75,-1.5,5,1
35,8,3.75,-2.3,5,4.55,-2.3,5,3.75,-1.5,5,4.55,-1.5,5,1
36,8,4.55,-2.3,5,5.35,-2.3,5,4.55,-1.5,5,5.35,-1.5,5,1
37,8,5.35,-2.3,5,6.15,-2.3,5,5.35,-1.5,5,6.15,-1.5,5,1
38,8,6.15,-2.3,5,6.95,-2.3,5,6.15,-1.5,5,6.95,-1.5,5,1
39,8,6.95,-2.3,5,7.75,-2.3,5,6.95,-1.5,5,7.75,-1.5,5,1
40,8,7.75,-2.3,5,8.55,-2.3,5,7.75,-1.5,5,8.55,-1.5,5,1
41,8,8.55,-2.3,5,9.35,-2.3,5,8.55,-1.5,5,9.35,-1.5,5,1
42,8,9.35,-2.3,5,10.15,-2.3,5,9.35,-1.5,5,10.15,-1.5,5,1
43,8,10.15,-2.3,5,10.95,-2.3,5,10.15,-1.5,5,10.95,-1.5,5,1
44,8,10.95,-2.3,5,11.75,-2.3,5,10.95,-1.5,5,11.75,-1.5,5,1
45,8,11.75,-2.3,5,12.55,-2.3,5,11.75,-1.5,5,12.55,-1.5,5,1
46,8,12.55,-2.3,5,13.35,-2.3,5,12.55,-1.5,5,13.35,-1.5,5,1
47,8,13.35,-2.3,5,14.15,-2.3,5,13.35,-1.5,5,14.15,-1.5,5,1
48,8,14.15,-2.3,5,14.95,-2.3,5,14.15,-1.5,5,14.95,-1.5,5,1
49,8,14.95,-2.3,5,15.75,-2.3,5,14.95,-1.5,5,15.75,-1.5,5,1
50,8,15.75,-2.3,5,16.55,-2.3,5,15.75,-1.5,5,16.55,-1.5,5,1
51,8,16.55,-2.3,5,17.35,-2.3,5,16.55,-1.5,5,17.35,-1.5,5,1
52,8,17.35,-2.3,5,18.15,-2.3,5,17.35,-1.5,5,18.15,-1.5,5,1
53,8,18.15,-2.3,5,18.95,-2.3,5,18.15,-1.5,5,18.95,-1.5,5,1
54,8,18.95,-2.3,5,19.75,-2.3,5,18.95,-1.5,5,19.75,-1.5,5,1
55,8,19.75,-2.3,5,20.55,-2.3,5,19.75,-1.5,5,20.55,-1.5,5,1
56,8,20.55,-2.3,5,21.35,-2.3,5,20.55,-1.5,5,21.35,-1.5,5,1
57,8,21.35,-2.3,5,22.15,-2.3,5,21.35,-1.5,5,22.15,-1.5,5,0
58,8,22.15,-2.3,5,22.95,-2.3,5,22.15,-1.5,5,22.95,-1.5,5,0
0,9,-24.25,-1.5,5,-23.45,-1.5,5,-24.25,-0.7,5,-23.45,-0.7,5,0
1,9,-23.45,-1.5,5,-22.65,-1.5,5,-23.45,-0.7,5,-22.65,-0.7,5,0
2,9,-22.65,-1.5,5,-21.85,-1.5,5,-22.65,-0.7,5,-21.85,-0.7,5,0
3,9,-21.85,-1.5,5,-21.05,-1.5,5,-21.85,-0.7,5,-21.05,-0.7,5,1
4,9,-21.05,-1.5,5,-20.25,-1.5,5,-21.05,-0.7,5,-20.25,-0.7,5,1
5,9,-20.25,-1.5,5,-19.45,-1.5,5,-20.25,-0.7,5,-19.45,-0.7,5,1
6,9,-19.45,-1.5,5,-18.65,-1.5,5,-19.45,-0.7,5,-18.65,-0.7,5,1
7,9,-18.65,-1.5,5,-17.85,-1.5,5,-18.65,-0.7,5,-17.85,-0.7,5,1
8,9,-17.85,-1.5,5,-17.05,-1.5,5,-17.85,-0.7,5,-17.05,-0.7,5,1
9,9,-17.05,-1.5,5,-16.25,-1.5,5,-17.05,-0.7,5,-16.25,-0.7,5,1
10,9,-16.25,-1.5,5,-15.45,-1.5,5,-16.25,-0.7,5,-15.45,-0.7,5,1
11,9,-15.45,-1.5,5,-14.65,-1.5,5,-15.45,-0.7,5,-14.65,-0.7,5,1
12,9,-14.65,-1.5,5,-13.85,-1.5,5,-14.65,-0.7,5,-13.85,-0.7,5,1
13,9,-13.85,-1.5,5,-13.05,-1.5,5,-13.85,-0.7,5,-13.05,-0.7,5,1
14,9,-13.05,-1.5,5,-12.25,-1.5,5,-13.05,-0.7,5,-12.25,-0.7,5,1
15,9,-12.25,-1.5,5,-11.45,-1.5,5,-12.25,-0.7,5,-11.45,-0.7,5,1
16,9,-11.45,-1.5,5,-10.65,-1.5,5,-11.45,-0.7,5,-10.65,-0.7,5,1
17,9,-10.65,-1.5,5,-9.85,-1.5,5,-10.65,-0.7,5,-9.85,-0.7,5,1
18,9,-9.85,-1.5,5,-9.05,-1.5,5,-9.85,-0.7,5,-9.05,-0.7,5,1
19,9,-9.05,-1.5,5,-8.25,-1.5,5,-9.05,-0.7,5,-8.25,-0.7,5,1
20,9,-8.25,-1.5,5,-7.45,-1.5,5,-8.25,-0.7,5,-7.45,-0.7,5,1
21,9,-7.45,-1.5,5,-6.65,-1.5,5,-7.45,-0.7,5,-6.65,-0.7,5,1
22,9,-6.65,-1.5,5,-5.85,-1.5,5,-6.65,-0.7,5,-5.85,-0.7,5,1
23,9,-5.85,-1.5,5,-5.05,-1.5,5,-5.85,-0.7,5,-5.05,-0.7,5,1
24,9,-5.05,-1.5,5,-4.25,-1.5,5,-5.05,-0.7,5,-4.25,-0.7,5,1
25,9,-4.25,-1.5,5,-3.45,-1.5,5,-4.25,-0.7,5,-3.45,-0.7,5,1
26,9,-3.45,-1.5,5,-2.65,-1.5,5,-3.45,-0.7,5,-2.65,-0.7,5,1
27,9,-2.65,-1.5,5,-1.85,-1.5,5,-2.65,-0.7,5,-1.85,-0.7,5,1
28,9,-1.85,-1.5,5,-1.05,-1.5,5,-1.85,-0.7,5,-1.05,-0.7,5,1
29,9,-1.05,-1.5,5,-0.25,-1.5,5,-1.05,-0.7,5,-0.25,-0.7,5,1
30,9,-0.25,-1.5,5,0.549999,-1.5,5,-0.25,-0.7,5,0.549999,-0.7,5,1
31,9,0.549999,-1.5,5,1.35,-1.5,5,0.549999,-0.7,5,1.35,-0.7,5,1
32,9,1.35,-1.5,5,2.15,-1.5,5,1.35,-0.7,5,2.15,-0.7,5,1
33,9,2.15,-1.5,5,2.95,-1.5,5,2.15,-0.7,5,2.95,-0.7,5,1
34,9,2.95,-1.5,5,3.75,-1.5,5,2.95,-0.7,5,3.75,-0.7,5,1
35,9,3.75,-1.5,5,4.55,-1.5,5,3.75,-0.7,5,4.55,-0.7,5,1
36,9,4.55,-1.5,5,5.35,-1.5,5,4.55,-0.7,5,5.35,-0.7,5,1
37,9,5.35,-1.5,5,6.15,-1.5,5,5.35,-0.7,5,6.15,-0.7,5,1
38,9,6.15,-1.5,5,6.95,-1.5,5,6.15,-0.7,5,6.95,-0.7,5,1
39,9,6.95,-1.5,5,7.75,-1.5,5,6.95,-0.7,5,7.75,-0.7,5,1
40,9,7.75,-1.5,5,8.55,-1.5,5,7.75,-0.7,5,8.55,-0.7,5,1
41,9,8.55,-1.5,5,9.35,-1.5,5,8.55,-0.7,5,9.35,-0.7,5,1
42,9,9.35,-1.5,5,10.15,-1.5,5,9.35,-0.7,5,10.15,-0.7,5,1
43,9,10.15,-1.5,5,10.95,-1.5,5,10.15,-0.7,5,10.95,-0.7,5,1
44,9,10.95,-1.5,5,11.75,-1.5,5,10.95,-0.7,5,11.75,-0.7,5,1
45,9,11.75,-1.5,5,12.55,-1.5,5,11.75,-0.7,5,12.55,-0.7,5,1
46,9,12.55,-1.5,5,13.35,-1.5,5,12.55,-0.7,5,13.35,-0.7,5,1
47,9,13.35,-1.5,5,14.15,-1.5,5,13.35,-0.7,5,14.15,-0.7,5,1
48,9,14.15,-1.5,5,14.95,-1.5,5,14.15,-0.7,5,14.95,-0.7,5,1
49,9,14.95,-1.5,5,15.75,-1.5,5,14.95,-0.7,5,15.75,-0.7,5,1
50,9,15.75,-1.5,5,16.55,-1.5,5,15.75,-0.7,5,16.55,-0.7,5,1
51,9,16.55,-1.5,5,17.35,-1.5,5,16.55,-0.7,5,17.35,-0.7,5,1
52,9,17.35,-1.5,5,18.15,-1.5,5,17.35,-0.7,5,18.15,-0.7,5,1
53,9,18.15,-1.5,5,18.95,-1.5,5,18.15,-0.7,5,18.95,-0.7,5,1
54,9,18.95,-1.5,5,19.75,-1.5,5,18.95,-0.7,5,19.75,-0.7,5,1
55,9,19.75,-1.5,5,20.55,-1.5,5,19.75,-0.7,5,20.55,-0.7,5,1
56,9,20.55,-1.5,5,21.35,-1.5,5,20.55,-0.7,5,21.35,-0.7,5,1
57,9,21.35,-1.5,5,22.15,-1.5,5,21.35,-0.7,5,22.15,-0.7,5,1
58,9,22.15,-1.5,5,22.95,-1.5,5,22.15,-0.7,5,22.95,-0.7,5,0
0,10,-24.25,-0.7,5,-23.45,-0.7,5,-24.25,0.1,5,-23.45,0.1,5,0
1,10,-23.45,-0.7,5,-22.65,-0.7,5,-23.45,0.1,5,-22.65,0.1,5,0
2,10,-22.65,-0.7,5,-21.85,-0.7,5,-22.65,0.1,5,-21.85,0.1,5,0
3,10,-21.85,-0.7,5,-21.05,-0.7,5,-21.85,0.1,5,-21.05,0.1,5,1
4,10,-21.05,-0.7,5,-20.25,-0.7,5,-21.05,0.1,5,-20.25,0.1,5,1
5,10,-20.25,-0.7,5,-19.45,-0.7,5,-20.25,0.1,5,-19.45,0.1,5,1
6,10,-19.45,-0.7,5,-18.65,-0.7,5,-19.45,0.1,5,-18.65,0.1,5,0
7,10,-18.65,-0.7,5,-17.85,-0.7,5,-18.65,0.1,5,-17.85,0.1,5,0
8,10,-17.85,-0.7,5,-17.05,-0.7,5,-17.85,0.1,5,-17.05,0.1,5,0
9,10,-17.05,-0.7,5,-16.25,-0.7,5,-17.05,0.1,5,-16.25,0.1,5,0
10,10,-16.25,-0.7,5,-15.45,-0.7,5,-16.25,0.1,5,-15.45,0.1,5,0
11,10,-15.45,-0.7,5,-14.65,-0.7,5,-15.45,0.1,5,-14.65,0.1,5,0
12,10,-14.65,-0.7,5,-13.85,-0.7,5,-14.65,0.1,5,-13.85,0.1,5,0
13,10,-13.85,-0.7,5,-13.05,-0.7,5,-13.85,0.1,5,-13.05,0.1,5,0
14,10,-13.05,-0.7,5,-12.25,-0.7,5,-13.05,0.1,5,-12.25,0.1,5,0
15,10,-12.25,-0.7,5,-11.45,-0.7,5,-12.25,0.1,5,-11.45,0.1,5,0
16,10,-11.45,-0.7,5,-10.65,-0.7,5,-11.45,0.1,5,-10.65,0.1,5,0
17,10,-10.65,-0.7,5,-9.85,-0.7,5,-10.65,0.1,5,-9.85,0.1,5,0
18,10,-9.85,-0.7,5,-9.05,-0.7,5,-9.85,0.1,5,-9.05,0.1,5,0
19,10,-9.05,-0.7,5,-8.25,-0.7,5,-9.05,0.1,5,-8.25,0.1,5,0
20,10,-8.25,-0.7,5,-7.45,-0.7,5,-8.25,0.1,5,-7.45,0.1,5,0
21,10,-7.45,-0.7,5,-6.65,-0.7,5,-7.45,0.1,5,-6.65,0.1,5,0
22,10,-6.65,-0.7,5,-5.85,-0.7,5,-6.65,0.1,5,-5.85,0.1,5,0
23,10,-5.85,-0.7,5,-5.05,-0.7,5,-5.85,0.1,5,-5.05,0.1,5,0
24,10,-5.05,-0.7,5,-4.25,-0.7,5,-5.05,0.1,5,-4.25,0.1,5,1
25,10,-4.25,-0.7,5,-3.45,-0.7,5,-4.25,0.1,5,-3.45,0.1,5,1
26,10,-3.45,-0.7,5,-2.65,-0.7,5,-3.45,0.1,5,-2.65,0.1,5,1
27,10,-2.65,-0.7,5,-1.85,-0.7,5,-2.65,0.1,5,-1.85,0.1,5,1
28,10,-1.85,-0.7,5,-1.05,-0.7,5,-1.85,0.1,5,-1.05,0.1,5,1
29,10,-1.05,-0.7,5,-0.25,-0.7,5,-1.05,0.1,5,-0.25,0.1,5,1
30,10,-0.25,-0.7,5,0.549999,-0.7,5,-0.25,0.1,5,0.549999,0.1,5,1
31,10,0.549999,-0.7,5,1.35,-0.7,5,0.549999,0.1,5,1.35,0.1,5,1
32,10,1.35,-0.7,5,2.15,-0.7,5,1.35,0.1,5,2.15,0.1,5,1
33,10,2.15,-0.7,5,2.95,-0.7,5,2.15,0.1,5,2.95,0.1,5,1
34,10,2.95,-0.7,5,3.75,-0.7,5,2.95,0.1,5,3.75,0.1,5,1
35,10,3.75,-0.7,5,4.55,-0.7,5,3.75,0.1,5,4.55,0.1,5,1
36,10,4.55,-0.7,5,5.35,-0.7,5,4.55,0.1,5,5.35,0.1,5,1
37,10,5.35,-0.7,5,6.15,-0.7,5,5.35,0.1,5,6.15,0.1,5,1
38,10,6.15,-0.7,5,6.95,-0.7,5,6.15,0.1,5,6.95,0.1,5,1
39,10,6.95,-0.7,5,7.75,-0.7,5,6.95,0.1,5,7.75,0.1,5,1
40,10,7.75,-0.7,5,8.55,-0.7,5,7.75,0.1,5,8.55,0.1,5,1
41,10,8.55,-0.7,5,9.35,-0.7,5,8.55,0.1,5,9.35,0.1,5,1
42,10,9.35,-0.7,5,10.15,-0.7,5,9.35,0.1,5,10.15,0.1,5,1
43,10,10.15,-0.7,5,10.95,-0.7,5,10.15,0.1,5,10.95,0.1,5,1
44,10,10.95,-0.7,5,11.75,-0.7,5,10.95,0.1,5,11.75,0.1,5,1
45,10,11.75,-0.7,5,12.55,-0.7,5,11.75,0.1,5,12.55,0.1,5,1
46,10,12.55,-0.7,5,13.35,-0.7,5,12.55,0.1,5,13.35,0.1,5,1
47,10,13.35,-0.7,5,14.15,-0.7,5,13.35,0.1,5,14.15,0.1,5,1
48,10,14.15,-0.7,5,14.95,-0.7,5,14.15,0.1,5,14.95,0.1,5,1
49,10,14.95,-0.7,5,15.75,-0.7,5,14.95,0.1,5,15.75,0.1,5,1
50,10,15.75,-0.7,5,16.55,-0.7,5,15.75,0.1,5,16.55,0.1,5,1
51,10,16.55,-0.7,5,17.35,-0.7,5,16.55,0.1,5,17.35,0.1,5,1
52,10,17.35,-0.7,5,18.15,-0.7,5,17.35,0.1,5,18.15,0.1,5,1
53,10,18.15,-0.7,5,18.95,-0.7,5,18.15,0.1,5,18.95,0.1,5,1
54,10,18.95,-0.7,5,19.75,-0.7,5,18.95,0.1,5,19.75,0.1,5,1
55,10,19.75,-0.7,5,20.55,-0.7,5,19.75,0.1,5,20.55,0.1,5,1
56,10,20.55,-0.7,5,21.35,-0.7,5,20.55,0.1,5,21.35,0.1,5,1
57,10,21.35,-0.7,5,22.15,-0.7,5,21.35,0.1,5,22.15,0.1,5,1
58,10,22.15,-0.7,5,22.95,-0.7,5,22.15,0.1,5,22.95,0.1,5,1
0,11,-24.25,0.1,5,-23.45,0.1,5,-24.25,0.9,5,-23.45,0.9,5,0
1,11,-23.45,0.1,5,-22.65,0.1,5,-23.45,0.9,5,-22.65,0.9,5,0
2,11,-22.65,0.1,5,-21.85,0.1,5,-22.65,0.9,5,-21.85,0.9,5,0
3,11,-21.85,0.1,5,-21.05,0.1,5,-21.85,0.9,5,-21.05,0.9,5,0
4,11,-21.05,0.1,5,-20.25,0.1,5,-21.05,0.9,5,-20.25,0.9,5,1
5,11,-20.25,0.1,5,-19.45,0.1,5,-20.25,0.9,5,-19.45,0.9,5,0
6,11,-19.45,0.1,5,-18.65,0.1,5,-19.45,0.9,5,-18.65,0.9,5,0
7,11,-18.65,0.1,5,-17.85,0.1,5,-18.65,0.9,5,-17.85,0.9,5,0
8,11,-17.85,0.1,5,-17.05,0.1,5,-17.85,0.9,5,-17.05,0.9,5,0
9,11,-17.05,0.1,5,-16.25,0.1,5,-17.05,0.9,5,-16.25,0.9,5,0
10,11,-16.25,0.1,5,-15.45,0.1,5,-16.25,0.9,5,-15.45,0.9,5,0
11,11,-15.45,0.1,5,-14.65,0.1,5,-15.45,0.9,5,-14.65,0.9,5,0
12,11,-14.65,0.1,5,-13.85,0.1,5,-14.65,0.9,5,-13.85,0.9,5,0
13,11,-13.85,0.1,5,-13.05,0.1,5,-13.85,0.9,5,-13.05,0.9,5,0
14,11,-13.05,0.1,5,-12.25,0.1,5,-13.05,0.9,5,-12.25,0.9,5,0
15,11,-12.25,0.1,5,-11.45,0.1,5,-12.25,0.9,5,-11.45,0.9,5,0
16,11,-11.45,0.1,5,-10.65,0.1,5,-11.45,0.9,5,-10.65,0.9,5,0
17,11,-10.65,0.1,5,-9.85,0.1,5,-10.65,0.9,5,-9.85,0.9,5,0
18,11,-9.85,0.1,5,-9.05,0.1,5,-9.85,0.9,5,-9.05,0.9,5,0
19,11,-9.05,0.1,5,-8.25,0.1,5,-9.05,0.9,5,-8.25,0.9,5,0
20,11,-8.25,0.1,5,-7.45,0.1,5,-8.25,0.9,5,-7.45,0.9,5,0
21,11,-7.45,0.1,5,-6.65,0.1,5,-7.45,0.9,5,-6.65,0.9,5,0
22,11,-6.65,0.1,5,-5.85,0.1,5,-6.65,0.9,5,-5.85,0.9,5,0
23,11,-5.85,0.1,5,-5.05,0.1,5,-5.85,0.9,5,-5.05,0.9,5,0
24,11,-5.05,0.1,5,-4.25,0.1,5,-5.05,0.9,5,-4.25,0.9,5,0
25,11,-4.25,0.1,5,-3.45,0.1,5,-4.25,0.9,5,-3.45,0.9,5,1
26,11,-3.45,0.1,5,-2.65,0.1,5,-3.45,0.9,5,-2.65,0.9,5,1
27,11,-2.65,0.1,5,-1.85,0.1,5,-2.65,0.9,5,-1.85,0.9,5,1
28,11,-1.85,0.1,5,-1.05,0.1,5,-1.85,0.9,5,-1.05,0.9,5,1
29,11,-1.05,0.1,5,-0.25,0.1,5,-1.05,0.9,5,-0.25,0.9,5,1
30,11,-0.25,0.1,5,0.549999,0.1,5,-0.25,0.9,5,0.549999,0.9,5,1
31,11,0.549999,0.1,5,1.35,0.1,5,0.549999,0.9,5,1.35,0.9,5,1
32,11,1.35,0.1,5,2.15,0.1,5,1.35,0.9,5,2.15,0.9,5,1
33,11,2.15,0.1,5,2.95,0.1,5,2.15,0.9,5,2.95,0.9,5,1
34,11,2.95,0.1,5,3.75,0.1,5,2.95,0.9,5,3.75,0.9,5,1
35,11,3.75,0.1,5,4.55,0.1,5,3.75,0.9,5,4.55,0.9,5,1
36,11,4.55,0.1,5,5.35,0.1,5,4.55,0.9,5,5.35,0.9,5,1
37,11,5.35,0.1,5,6.15,0.1,5,5.35,0.9,5,6.15,0.9,5,1
38,11,6.15,0.1,5,6.95,0.1,5,6.15,0.9,5,6.95,0.9,5,1
39,11,6.95,0.1,5,7.75,0.1,5,6.95,0.9,5,7.75,0.9,5,1
40,11,7.75,0.1,5,8.55,0.1,5,7.75,0.9,5,8.55,0.9,5,1
41,11,8.55,0.1,5,9.35,0.1,5,8.55,0.9,5,9.35,0.9,5,1
42,11,9.35,0.1,5,10.15,0.1,5,9.35,0.9,5,10.15,0.9,5,1
43,11,10.15,0.1,5,10.95,0.1,5,10.15,0.9,5,10.95,0.9,5,1
44,11,10.95,0.1,5,11.75,0.1,5,10.95,0.9,5,11.75,0.9,5,1
45,11,11.75,0.1,5,12.55,0.1,5,11.75,0.9,5,12.55,0.9,5,1
46,11,12.55,0.1,5,13.35,0.1,5,12.55,0.9,5,13.35,0.9,5,1
47,11,13.35,0.1,5,14.15,0.1,5,13.35,0.9,5,14.15,0.9,5,1
48,11,14.15,0.1,5,14.95,0.1,5,14.15,0.9,5,14.95,0.9,5,1
49,11,14.95,0.1,5,15.75,0.1,5,14.95,0.9,5,15.75,0.9,5,1
50,11,15.75,0.1,5,16.55,0.1,5,15.75,0.9,5,16.55,0.9,5,1
51,11,16.55,0.1,5,17.35,0.1,5,16.55,0.9,5,17.35,0.9,5,1
52,11,17.35,0.1,5,18.15,0.1,5,17.35,0.9,5,18.15,0.9,5,1
53,11,18.15,0.1,5,18.95,0.1,5,18.15,0.9,5,18.95,0.9,5,1
54,11,18.95,0.1,5,19.75,0.1,5,18.95,0.9,5,19.75,0.9,5,1
55,11,19.75,0.1,5,20.55,0.1,5,19.75,0.9,5,20.55,0.9,5,1
56,11,20.55,0.1,5,21.35,0.1,5,20.55,0.9,5,21.35,0.9,5,1
57,11,21.35,0.1,5,22.15,0.1,5,21.35,0.9,5,22.15,0.9,5,1
58,11,22.15,0.1,5,22.95,0.1,5,22.15,0.9,5,22.95,0.9,5,1
0,12,-24.25,0.9,5,-23.45,0.9,5,-24.25,1.7,5,-23.45,1.7,5,0
1,12,-23.45,0.9,5,-22.65,0.9,5,-23.45,1.7,5,-22.65,1.7,5,0
2,12,-22.65,0.9,5,-21.85,0.9,5,-22.65,1.7,5,-21.85,1.7,5,0
3,12,-21.85,0.9,5,-21.05,0.9,5,-21.85,1.7,5,-21.05,1.7,5,0
4,12,-21.05,0.9,5,-20.25,0.9,5,-21.05,1.7,5,-20.25,1.7,5,0
5,12,-20.25,0.9,5,-19.45,0.9,5,-20.25,1.7,5,-19.45,1.7,5,0
6,12,-19.45,0.9,5,-18.65,0.9,5,-19.45,1.7,5,-18.65,1.7,5,0
7,12,-18.65,0.9,5,-17.85,0.9,5,-18.65,1.7,5,-17.85,1.7,5,0
8,12,-17.85,0.9,5,-17.05,0.9,5,-17.85,1.7,5,-17.05,1.7,5,0
9,12,-17.05,0.9,5,-16.25,0.9,5,-17.05,1.7,5,-16.25,1.7,5,0
10,12,-16.25,0.9,5,-15.45,0.9,5,-16.25,1.7,5,-15.45,1.7,5,0
11,12,-15.45,0.9,5,-14.65,0.9,5,-15.45,1.7,5,-14.65,1.7,5,0
12,12,-14.65,0.9,5,-13.85,0.9,5,-14.65,1.7,5,-13.85,1.7,5,0
13,12,-13.85,0.9,5,-13.05,0.9,5,-13.85,1.7,5,-13.05,1.7,5,0
14,12,-13.05,0.9,5,-12.25,0.9,5,-13.05,1.7,5,-12.25,1.7,5,0
15,12,-12.25,0.9,5,-11.45,0.9,5,-12.25,1.7,5,-11.45,1.7,5,0
16,12,-11.45,0.9,5,-10.65,0.9,5,-11.45,1.7,5,-10.65,1.7,5,0
17,12,-10.65,0.9,5,-9.85,0.9,5,-10.65,1.7,5,-9.85,1.7,5,0
18,12,-9.85,0.9,5,-9.05,0.9,5,-9.85,1.7,5,-9.05,1.7,5,0
19,12,-9.05,0.9,5,-8.25,0.9,5,-9.05,1.7,5,-8.25,1.7,5,0
20,12,-8.25,0.9,5,-7.45,0.9,5,-8.25,1.7,5,-7.45,1.7,5,0
21,12,-7.45,0.9,5,-6.65,0.9,5,-7.45,1.7,5,-6.65,1.7,5,0
22,12,-6.65,0.9,5,-5.85,0.9,5,-6.65,1.7,5,-5.85,1.7,5,0
23,12,-5.85,0.9,5,-5.05,0.9,5,-5.85,1.7,5,-5.05,1.7,5,0
24,12,-5.05,0.9,5,-4.25,0.9,5,-5.05,1.7,5,-4.25,1.7,5,0
25,12,-4.25,0.9,5,-3.45,0.9,5,-4.25,1.7,5,-3.45,1.7,5,0
26,12,-3.45,0.9,5,-2.65,0.9,5,-3.45,1.7,5,-2.65,1.7,5,1
27,12,-2.65,0.9,5,-1.85,0.9,5,-2.65,1.7,5,-1.85,1.7,5,1
28,12,-1.85,0.9,5,-1.05,0.9,5,-1.85,1.7,5,-1.05,1.7,5,1
29,12,-1.05,0.9,5,-0.25,0.9,5,-1.05,1.7,5,-0.25,1.7,5,1
30,12,-0.25,0.9,5,0.549999,0.9,5,-0.25,1.7,5,0.549999,1.7,5,1
31,12,0.549999,0.9,5,1.35,0.9,5,0.549999,1.7,5,1.35,1.7,5,1
32,12,1.35,0.9,5,2.15,0.9,5,1.35,1.7,5,2.15,1.7,5,1
33,12,2.15,0.9,5,2.95,0.9,5,2.15,1.7,5,2.95,1.7,5,1
34,12,2.95,0.9,5,3.75,0.9,5,2.95,1.7,5,3.75,1.7,5,1
35,12,3.75,0.9,5,4.55,0.9,5,3.75,1.7,5,4.55,1.7,5,1
36,12,4.55,0.9,5,5.35,0.9,5,4.55,1.7,5,5.35,1.7,5,1
37,12,5.35,0.9,5,6.15,0.9,5,5.35,1.7,5,6.15,1.7,5,1
38,12,6.15,0.9,5,6.95,0.9,5,6.15,1.7,5,6.95,1.7,5,1
39,12,6.95,0.9,5,7.75,0.9,5,6.95,1.7,5,7.75,1.7,5,1
40,12,7.75,0.9,5,8.55,0.9,5,7.75,1.7,5,8.55,1.7,5,1
41,12,8.55,0.9,5,9.35,0.9,5,8.55,1.7,5,9.35,1.7,5,1
42,12,9.35,0.9,5,10.15,0.9,5,9.35,1.7,5,10.15,1.7,5,1
43,12,10.15,0.9,5,10.95,0.9,5,10.15,1.7,5,10.95,1.7,5,1
44,12,10.95,0.9,5,11.75,0.9,5,10.95,1.7,5,11.75,1.7,5,1
45,12,11.75,0.9,5,12.55,0.9,5,11.75,1.7,5,12.55,1.7,5,1
46,12,12.55,0.9,5,13.35,0.9,5,12.55,1.7,5,13.35,1.7,5,1
47,12,13.35,0.9,5,14.15,0.9,5,13.35,1.7,5,14.15,1.7,5,1
48,12,14.15,0.9,5,14.95,0.9,5,14.15,1.7,5,14.95,1.7,5,1
49,12,14.95,0.9,5,15.75,0.9,5,14.95,1.7,5,15.75,1.7,5,1
50,12,15.75,0.9,5,16.55,0.9,5,15.75,1.7,5,16.55,1.7,5,1
51,12,16.55,0.9,5,17.35,0.9,5,16.55,1.7,5,17.35,1.7,5,1
52,12,17.35,0.9,5,18.15,0.9,5,17.35,1.7,5,18.15,1.7,5,1
53,12,18.15,0.9,5,18.95,0.9,5,18.15,1.7,5,18.95,1.7,5,1
54,12,18.95,0.9,5,19.75,0.9,5,18.95,1.7,5,19.75,1.7,5,1
55,12,19.75,0.9,5,20.55,0.9,5,19.75,1.7,5,20.55,1.7,5,1
56,12,20.55,0.9,5,21.35,0.9,5,20.55,1.7,5,21.35,1.7,5,1
57,12,21.35,0.9,5,22.15,0.9,5,21.35,1.7,5,22.15,1.7,5,1
58,12,22.15,0.9,5,22.95,0.9,5,22.15,1.7,5,22.95,1.7,5,1
0,13,-24.25,1.7,5,-23.45,1.7,5,-24.25,2.5,5,-23.45,2.5,5,0
1,13,-23.45,1.7,5,-22.65,1.7,5,-23.45,2.5,5,-22.65,2.5,5,0
2,13,-22.65,1.7,5,-21.85,1.7,5,-22.65,2.5,5,-21.85,2.5,5,0
3,13,-21.85,1.7,5,-21.05,1.7,5,-21.85,2.5,5,-21.05,2.5,5,0
4,13,-21.05,1.7,5,-20.25,1.7,5,-21.05,2.5,5,-20.25,2.5,5,0
5,13,-20.25,1.7,5,-19.45,1.7,5,-20.25,2.5,5,-19.45,2.5,5,0
6,13,-19.45,1.7,5,-18.65,1.7,5,-19.45,2.5,5,-18.65,2.5,5,0
7,13,-18.65,1.7,5,-17.85,1.7,5,-18.65,2.5,5,-17.85,2.5,5,0
8,13,-17.85,1.7,5,-17.05,1.7,5,-17.85,2.5,5,-17.05,2.5,5,0
9,13,-17.05,1.7,5,-16.25,1.7,5,-17.05,2.5,5,-16.25,2.5,5,0
10,13,-16.25,1.7,5,-15.45,1.7,5,-16.25,2.5,5,-15.45,2.5,5,0
11,13,-15.45,1.7,5,-14.65,1.7,5,-15.45,2.5,5,-14.65,2.5,5,0
12,13,-14.65,1.7,5,-13.85,1.7,5,-14.65,2.5,5,-13.85,2.5,5,0
13,13,-13.85,1.7,5,-13.05,1.7,5,-13.85,2.5,5,-13.05,2.5,5,0
14,13,-13.05,1.7,5,-12.25,1.7,5,-13.05,2.5,5,-12.25,2.5,5,0
15,13,-12.25,1.7,5,-11.45,1.7,5,-12.25,2.5,5,-11.45,2.5,5,0
16,13,-11.45,1.7,5,-10.65,1.7,5,-11.45,2.5,5,-10.65,2.5,5,0
17,13,-10.65,1.7,5,-9.85,1.7,5,-10.65,2.5,5,-9.85,2.5,5,0
18,13,-9.85,1.7,5,-9.05,1.7,5,-9.85,2.5,5,-9.05,2.5,5,0
19,13,-9.05,1.7,5,-8.25,1.7,5,-9.05,2.5,5,-8.25,2.5,5,0
20,13,-8.25,1.7,5,-7.45,1.7,5,-8.25,2.5,5,-7.45,2.5,5,0
21,13,-7.45,1.7,5,-6.65,1.7,5,-7.45,2.5,5,-6.65,2.5,5,0
22,13,-6.65,1.7,5,-5.85,1.7,5,-6.65,2.5,5,-5.85,2.5,5,0
23,13,-5.85,1.7,5,-5.05,1.7,5,-5.85,2.5,5,-5.05,2.5,5,0
24,13,-5.05,1.7,5,-4.25,1.7,5,-5.05,2.5,5,-4.25,2.5,5,0
25,13,-4.25,1.7,5,-3.45,1.7,5,-4.25,2.5,5,-3.45,2.5,5,0
26,13,-3.45,1.7,5,-2.65,1.7,5,-3.45,2.5,5,-2.65,2.5,5,1
27,13,-2.65,1.7,5,-1.85,1.7,5,-2.65,2.5,5,-1.85,2.5,5,1
28,13,-1.85,1.7,5,-1.05,1.7,5,-1.85,2.5,5,-1.05,2.5,5,1
29,13,-1.05,1.7,5,-0.25,1.7,5,-1.05,2.5,5,-0.25,2.5,5,1
30,13,-0.25,1.7,5,0.549999,1.7,5,-0.25,2.5,5,0.549999,2.5,5,1
31,13,0.549999,1.7,5,1.35,1.7,5,0.549999,2.5,5,1.35,2.5,5,1
32,13,1.35,1.7,5,2.15,1.7,5,1.35,2.5,5,2.15,2.5,5,1
33,13,2.15,1.7,5,2.95,1.7,5,2.15,2.5,5,2.95,2.5,5,1
34,13,2.95,1.7,5,3.75,1.7,5,2.95,2.5,5,3.75,2.5,5,1
35,13,3.75,1.7,5,4.55,1.7,5,3.75,2.5,5,4.55,2.5,5,1
36,13,4.55,1.7,5,5.35,1.7,5,4.55,2.5,5,5.35,2.5,5,1
37,13,5.35,1.7,5,6.15,1.7,5,5.35,2.5,5,6.15,2.5,5,1
38,13,6.15,1.7,5,6.95,1.7,5,6.15,2.5,5,6.95,2.5,5,1
39,13,6.95,1.7,5,7.75,1.7,5,6.95,2.5,5,7.75,2.5,5,1
40,13,7.75,1.7,5,8.55,1.7,5,7.75,2.5,5,8.55,2.5,5,1
41,13,8.55,1.7,5,9.35,1.7,5,8.55,2.5,5,9.35,2.5,5,1
42,13,9.35,1.7,5,10.15,1.7,5,9.35,2.5,5,10.15,2.5,5,1
43,13,10.15,1.7,5,10.95,1.7,5,10.15,2.5,5,10.95,2.5,5,1
44,13,10.95,1.7,5,11.75,1.7,5,10.95,2.5,5,11.75,2.5,5,1
45,13,11.75,1.7,5,12.55,1.7,5,11.75,2.5,5,12.55,2.5,5,1
46,13,12.55,1.7,5,13.35,1.7,5,12.55,2.5,5,13.35,2.5,5,1
47,13,13.35,1.7,5,14.15,1.7,5,13.35,2.5,5,14.15,2.5,5,1
48,13,14.15,1.7,5,14.95,1.7,5,14.15,2.5,5,14.95,2.5,5,1
49,13,14.95,1.7,5,15.75,1.7,5,14.95,2.5,5,15.75,2.5,5,1
50,13,15.75,1.7,5,16.55,1.7,5,15.75,2.5,5,16.55,2.5,5,1
51,13,16.55,1.7,5,17.35,1.7,5,16.55,2.5,5,17.35,2.5,5,1
52,13,17.35,1.7,5,18.15,1.7,5,17.35,2.5,5,18.15,2.5,5,1
53,13,18.15,1.7,5,18.95,1.7,5,18.15,2.5,5,18.95,2.5,5,1
54,13,18.95,1.7,5,19.75,1.7,5,18.95,2.5,5,19.75,2.5,5,1
55,13,19.75,1.7,5,20.55,1.7,5,19.75,2.5,5,20.55,2.5,5,1
56,13,20.55,1.7,5,21.35,1.7,5,20.55,2.5,5,21.35,2.5,5,1
57,13,21.35,1.7,5,22.15,1.7,5,21.35,2.5,5,22.15,2.5,5,1
58,13,22.15,1.7,5,22.95,1.7,5,22.15,2.5,5,22.95,2.5,5,1
0,14,-24.25,2.5,5,-23.45,2.5,5,-24.25,3.3,5,-23.45,3.3,5,0
1,14,-23.45,2.5,5,-22.65,2.5,5,-23.45,3.3,5,-22.65,3.3,5,0
2,14,-22.65,2.5,5,-21.85,2.5,5,-22.65,3.3,5,-21.85,3.3,5,0
3,14,-21.85,2.5,5,-21.05,2.5,5,-21.85,3.3,5,-21.05,3.3,5,0
4,14,-21.05,2.5,5,-20.25,2.5,5,-21.05,3.3,5,-20.25,3.3,5,1
5,14,-20.25,2.5,5,-19.45,2.5,5,-20.25,3.3,5,-19.45,3.3,5,0
6,14,-19.45,2.5,5,-18.65,2.5,5,-19.45,3.3,5,-18.65,3.3,5,0
7,14,-18.65,2.5,5,-17.85,2.5,5,-18.65,3.3,5,-17.85,3.3,5,0
8,14,-17.85,2.5,5,-17.05,2.5,5,-17.85,3.3,5,-17.05,3.3,5,0
9,14,-17.05,2.5,5,-16.25,2.5,5,-17.05,3.3,5,-16.25,3.3,5,0
10,14,-16.25,2.5,5,-15.45,2.5,5,-16.25,3.3,5,-15.45,3.3,5,0
11,14,-15.45,2.5,5,-14.65,2.5,5,-15.45,3.3,5,-14.65,3.3,5,0
12,14,-14.65,2.5,5,-13.85,2.5,5,-14.65,3.3,5,-13.85,3.3,5,0
13,14,-13.85,2.5,5,-13.05,2.5,5,-13.85,3.3,5,-13.05,3.3,5,0
14,14,-13.05,2.5,5,-12.25,2.5,5,-13.05,3.3,5,-12.25,3.3,5,0
15,14,-12.25,2.5,5,-11.45,2.5,5,-12.25,3.3,5,-11.45,3.3,5,0
16,14,-11.45,2.5,5,-10.65,2.5,5,-11.45,3.3,5,-10.65,3.3,5,0
17,14,-10.65,2.5,5,-9.85,2.5,5,-10.65,3.3,5,-9.85,3.3,5,0
18,14,-9.85,2.5,5,-9.05,2.5,5,-9.85,3.3,5,-9.05,3.3,5,0
19,14,-9.05,2.5,5,-8.25,2.5,5,-9.05,3.3,5,-8.25,3.3,5,0
20,14,-8.25,2.5,5,-7.45,2.5,5,-8.25,3.3,5,-7.45,3.3,5,0
21,14,-7.45,2.5,5,-6.65,2.5,5,-7.45,3.3,5,-6.65,3.3,5,0
22,14,-6.65,2.5,5,-5.85,2.5,5,-6.65,3.3,5,-5.85,3.3,5,0
23,14,-5.85,2.5,5,-5.05,2.5,5,-5.85,3.3,5,-5.05,3.3,5,0
24,14,-5.05,2.5,5,-4.25,2.5,5,-5.05,3.3,5,-4.25,3.3,5,0
25,14,-4.25,2.5,5,-3.45,2.5,5,-4.25,3.3,5,-3.45,3.3,5,1
26,14,-3.45,2.5,5,-2.65,2.5,5,-3.45,3.3,5,-2.65,3.3,5,1
27,14,-2.65,2.5,5,-1.85,2.5,5,-2.65,3.3,5,-1.85,3.3,5,1
28,14,-1.85,2.5,5,-1.05,2.5,5,-1.85,3.3,5,-1.05,3.3,5,1
29,14,-1.05,2.5,5,-0.25,2.5,5,-1.05,3.3,5,-0.25,3.3,5,1
30,14,-0.25,2.5,5,0.549999,2.5,5,-0.25,3.3,5,0.549999,3.3,5,1
31,14,0.549999,2.5,5,1.35,2.5,5,0.549999,3.3,5,1.35,3.3,5,1
32,14,1.35,2.5,5,2.15,2.5,5,1.35,3.3,5,2.15,3.3,5,1
33,14,2.15,2.5,5,2.95,2.5,5,2.15,3.3,5,2.95,3.3,5,1
34,14,2.95,2.5,5,3.75,2.5,5,2.95,3.3,5,3.75,3.3,5,1
35,14,3.75,2.5,5,4.55,2.5,5,3.75,3.3,5,4.55,3.3,5,1
36,14,4.55,2.5,5,5.35,2.5,5,4.55,3.3,5,5.35,3.3,5,1
37,14,5.35,2.5,5,6.15,2.5,5,5.35,3.3,5,6.15,3.3,5,1
38,14,6.15,2.5,5,6.95,2.5,5,6.15,3.3,5,6.95,3.3,5,1
39,14,6.95,2.5,5,7.75,2.5,5,6.95,3.3,5,7.75,3.3,5,1
40,14,7.75,2.5,5,8.55,2.5,5,7.75,3.3,5,8.55,3.3,5,1
41,14,8.55,2.5,5,9.35,2.5,5,8.55,3.3,5,9.35,3.3,5,1
42,14,9.35,2.5,5,10.15,2.5,5,9.35,3.3,5,10.15,3.3,5,1
43,14,10.15,2.5,5,10.95,2.5,5,10.15,3.3,5,10.95,3.3,5,1
44,14,10.95,2.5,5,11.75,2.5,5,10.95,3.3,5,11.75,3.3,5,1
45,14,11.75,2.5,5,12.55,2.5,5,11.75,3.3,5,12.55,3.3,5,1
46,14,12.55,2.5,5,13.35,2.5,5,12.55,3.3,5,13.35,3.3,5,1
47,14,13.35,2.5,5,14.15,2.5,5,13.35,3.3,5,14.15,3.3,5,1
48,14,14.15,2.5,5,14.95,2.5,5,14.15,3.3,5,14.95,3.3,5,1
49,14,14.95,2.5,5,15.75,2.5,5,14.95,3.3,5,15.75,3.3,5,1
50,14,15.75,2.5,5,16.55,2.5,5,15.75,3.3,5,16.55,3.3,5,1
51,14,16.55,2.5,5,17.35,2.5,5,16.55,3.3,5,17.35,3.3,5,1
52,14,17.35,2.5,5,18.15,2.5,5,17.35,3.3,5,18.15,3.3,5,1
53,14,18.15,2.5,5,18.95,2.5,5,18.15,3.3,5,18.95,3.3,5,1
54,14,18.95,2.5,5,19.75,2.5,5,18.95,3.3,5,19.75,3.3,5,1
55,14,19.75,2.5,5,20.55,2.5,5,19.75,3.3,5,20.55,3.3,5,1
56,14,20.55,2.5,5,21.35,2.5,5,20.55,3.3,5,21.35,3.3,5,1
57,14,21.35,2.5,5,22.15,2.5,5,21.35,3.3,5,22.15,3.3,5,1
58,14,22.15,2.5,5,22.95,2.5,5,22.15,3.3,5,22.95,3.3,5,0
0,15,-24.25,3.3,5,-23.45,3.3,5,-24.25,4.1,5,-23.45,4.1,5,0
1,15,-23.45,3.3,5,-22.65,3.3,5,-23.45,4.1,5,-22.65,4.1,5,0
2,15,-22.65,3.3,5,-21.85,3.3,5,-22.65,4.1,5,-21.85,4.1,5,0
3,15,-21.85,3.3,5,-21.05,3.3,5,-21.85,4.1,5,-21.05,4.1,5,0
4,15,-21.05,3.3,5,-20.25,3.3,5,-21.05,4.1,5,-20.25,4.1,5,1
5,15,-20.25,3.3,5,-19.45,3.3,5,-20.25,4.1,5,-19.45,4.1,5,1
6,15,-19.45,3.3,5,-18.65,3.3,5,-19.45,4.1,5,-18.65,4.1,5,0
7,15,-18.65,3.3,5,-17.85,3.3,5,-18.65,4.1,5,-17.85,4.1,5,0
8,15,-17.85,3.3,5,-17.05,3.3,5,-17.85,4.1,5,-17.05,4.1,5,0
9,15,-17.05,3.3,5,-16.25,3.3,5,-17.05,4.1,5,-16.25,4.1,5,0
10,15,-16.25,3.3,5,-15.45,3.3,5,-16.25,4.1,5,-15.45,4.1,5,0
11,15,-15.45,3.3,5,-14.65,3.3,5,-15.45,4.1,5,-14.65,4.1,5,0
12,15,-14.65,3.3,5,-13.85,3.3,5,-14.65,4.1,5,-13.85,4.1,5,0
13,15,-13.85,3.3,5,-13.05,3.3,5,-13.85,4.1,5,-13.05,4.1,5,0
14,15,-13.05,3.3,5,-12.25,3.3,5,-13.05,4.1,5,-12.25,4.1,5,0
15,15,-12.25,3.3,5,-11.45,3.3,5,-12.25,4.1,5,-11.45,4.1,5,0
16,15,-11.45,3.3,5,-10.65,3.3,5,-11.45,4.1,5,-10.65,4.1,5,0
17,15,-10.65,3.3,5,-9.85,3.3,5,-10.65,4.1,5,-9.85,4.1,5,0
18,15,-9.85,3.3,5,-9.05,3.3,5,-9.85,4.1,5,-9.05,4.1,5,0
19,15,-9.05,3.3,5,-8.25,3.3,5,-9.05,4.1,5,-8.25,4.1,5,0
20,15,-8.25,3.3,5,-7.45,3.3,5,-8.25,4.1,5,-7.45,4.1,5,0
21,15,-7.45,3.3,5,-6.65,3.3,5,-7.45,4.1,5,-6.65,4.1,5,0
22,15,-6.65,3.3,5,-5.85,3.3,5,-6.65,4.1,5,-5.85,4.1,5,0
23,15,-5.85,3.3,5,-5.05,3.3,5,-5.85,4.1,5,-5.05,4.1,5,0
24,15,-5.05,3.3,5,-4.25,3.3,5,-5.05,4.1,5,-4.25,4.1,5,0
25,15,-4.25,3.3,5,-3.45,3.3,5,-4.25,4.1,5,-3.45,4.1,5,1
26,15,-3.45,3.3,5,-2.65,3.3,5,-3.45,4.1,5,-2.65,4.1,5,1
27,15,-2.65,3.3,5,-1.85,3.3,5,-2.65,4.1,5,-1.85,4.1,5,1
28,15,-1.85,3.3,5,-1.05,3.3,5,-1.85,4.1,5,-1.05,4.1,5,1
29,15,-1.05,3.3,5,-0.25,3.3,5,-1.05,4.1,5,-0.25,4.1,5,1
30,15,-0.25,3.3,5,0.549999,3.3,5,-0.25,4.1,5,0.549999,4.1,5,1
31,15,0.549999,3.3,5,1.35,3.3,5,0.549999,4.1,5,1.35,4.1,5,1
32,15,1.35,3.3,5,2.15,3.3,5,1.35,4.1,5,2.15,4.1,5,0
33,15,2.15,3.3,5,2.95,3.3,5,2.15,4.1,5,2.95,4.1,5,0
34,15,2.95,3.3,5,3.75,3.3,5,2.95,4.1,5,3.75,4.1,5,0
35,15,3.75,3.3,5,4.55,3.3,5,3.75,4.1,5,4.55,4.1,5,0
36,15,4.55,3.3,5,5.35,3.3,5,4.55,4.1,5,5.35,4.1,5,0
37,15,5.35,3.3,5,6.15,3.3,5,5.35,4.1,5,6.15,4.1,5,0
38,15,6.15,3.3,5,6.95,3.3,5,6.15,4.1,5,6.95,4.1,5,0
39,15,6.95,3.3,5,7.75,3.3,5,6.95,4.1,5,7.75,4.1,5,0
40,15,7.75,3.3,5,8.55,3.3,5,7.75,4.1,5,8.55,4.1,5,0
41,15,8.55,3.3,5,9.35,3.3,5,8.55,4.1,5,9.35,4.1,5,0
42,15,9.35,3.3,5,10.15,3.3,5,9.35,4.1,5,10.15,4.1,5,0
43,15,10.15,3.3,5,10.95,3.3,5,10.15,4.1,5,10.95,4.1,5,0
44,15,10.95,3.3,5,11.75,3.3,5,10.95,4.1,5,11.75,4.1,5,0
45,15,11.75,3.3,5,12.55,3.3,5,11.75,4.1,5,12.55,4.1,5,0
46,15,12.55,3.3,5,13.35,3.3,5,12.55,4.1,5,13.35,4.1,5,1
47,15,13.35,3.3,5,14.15,3.3,5,13.35,4.1,5,14.15,4.1,5,1
48,15,14.15,3.3,5,14.95,3.3,5,14.15,4.1,5,14.95,4.1,5,1
49,15,14.95,3.3,5,15.75,3.3,5,14.95,4.1,5,15.75,4.1,5,1
50,15,15.75,3.3,5,16.55,3.3,5,15.75,4.1,5,16.55,4.1,5,1
51,15,16.55,3.3,5,17.35,3.3,5,16.55,4.1,5,17.35,4.1,5,1
52,15,17.35,3.3,5,18.15,3.3,5,17.35,4.1,5,18.15,4.1,5,1
53,15,18.15,3.3,5,18.95,3.3,5,18.15,4.1,5,18.95,4.1,5,1
54,15,18.95,3.3,5,19.75,3.3,5,18.95,4.1,5,19.75,4.1,5,1
55,15,19.75,3.3,5,20.55,3.3,5,19.75,4.1,5,20.55,4.1,5,1
56,15,20.55,3.3,5,21.35,3.3,5,20.55,4.1,5,21.35,4.1,5,1
57,15,21.35,3.3,5,22.15,3.3,5,21.35,4.1,5,22.15,4.1,5,0
58,15,22.15,3.3,5,22.95,3.3,5,22.15,4.1,5,22.95,4.1,5,0
0,16,-24.25,4.1,5,-23.45,4.1,5,-24.25,4.9,5,-23.45,4.9,5,0
1,16,-23.45,4.1,5,-22.65,4.1,5,-23.45,4.9,5,-22.65,4.9,5,0
2,16,-22.65,4.1,5,-21.85,4.1,5,-22.65,4.9,5,-21.85,4.9,5,0
3,16,-21.85,4.1,5,-21.05,4.1,5,-21.85,4.9,5,-21.05,4.9,5,0
4,16,-21.05,4.1,5,-20.25,4.1,5,-21.05,4.9,5,-20.25,4.9,5,1
5,16,-20.25,4.1,5,-19.45,4.1,5,-20.25,4.9,5,-19.45,4.9,5,1
6,16,-19.45,4.1,5,-18.65,4.1,5,-19.45,4.9,5,-18.65,4.9,5,1
7,16,-18.65,4.1,5,-17.85,4.1,5,-18.65,4.9,5,-17.85,4.9,5,1
8,16,-17.85,4.1,5,-17.05,4.1,5,-17.85,4.9,5,-17.05,4.9,5,1
9,16,-17.05,4.1,5,-16.25,4.1,5,-17.05,4.9,5,-16.25,4.9,5,1
10,16,-16.25,4.1,5,-15.45,4.1,5,-16.25,4.9,5,-15.45,4.9,5,1
11,16,-15.45,4.1,5,-14.65,4.1,5,-15.45,4.9,5,-14.65,4.9,5,1
12,16,-14.65,4.1,5,-13.85,4.1,5,-14.65,4.9,5,-13.85,4.9,5,0
13,16,-13.85,4.1,5,-13.05,4.1,5,-13.85,4.9,5,-13.05,4.9,5,0
14,16,-13.05,4.1,5,-12.25,4.1,5,-13.05,4.9,5,-12.25,4.9,5,0
15,16,-12.25,4.1,5,-11.45,4.1,5,-12.25,4.9,5,-11.45,4.9,5,0
16,16,-11.45,4.1,5,-10.65,4.1,5,-11.45,4.9,5,-10.65,4.9,5,0
17,16,-10.65,4.1,5,-9.85,4.1,5,-10.65,4.9,5,-9.85,4.9,5,0
18,16,-9.85,4.1,5,-9.05,4.1,5,-9.85,4.9,5,-9.05,4.9,5,0
19,16,-9.05,4.1,5,-8.25,4.1,5,-9.05,4.9,5,-8.25,4.9,5,0
20,16,-8.25,4.1,5,-7.45,4.1,5,-8.25,4.9,5,-7.45,4.9,5,0
21,16,-7.45,4.1,5,-6.65,4.1,5,-7.45,4.9,5,-6.65,4.9,5,0
22,16,-6.65,4.1,5,-5.85,4.1,5,-6.65,4.9,5,-5.85,4.9,5,0
23,16,-5.85,4.1,5,-5.05,4.1,5,-5.85,4.9,5,-5.05,4.9,5,0
24,16,-5.05,4.1,5,-4.25,4.1,5,-5.05,4.9,5,-4.25,4.9,5,0
25,16,-4.25,4.1,5,-3.45,4.1,5,-4.25,4.9,5,-3.45,4.9,5,0
26,16,-3.45,4.1,5,-2.65,4.1,5,-3.45,4.9,5,-2.65,4.9,5,0
27,16,-2.65,4.1,5,-1.85,4.1,5,-2.65,4.9,5,-1.85,4.9,5,0
28,16,-1.85,4.1,5,-1.05,4.1,5,-1.85,4.9,5,-1.05,4.9,5,0
29,16,-1.05,4.1,5,-0.25,4.1,5,-1.05,4.9,5,-0.25,4.9,5,0
30,16,-0.25,4.1,5,0.549999,4.1,5,-0.25,4.9,5,0.549999,4.9,5,0
31,16,0.549999,4.1,5,1.35,4.1,5,0.549999,4.9,5,1.35,4.9,5,0
32,16,1.35,4.1,5,2.15,4.1,5,1.35,4.9,5,2.15,4.9,5,0
33,16,2.15,4.1,5,2.95,4.1,5,2.15,4.9,5,2.95,4.9,5,0
34,16,2.95,4.1,5,3.75,4.1,5,2.95,4.9,5,3.75,4.9,5,0
35,16,3.75,4.1,5,4.55,4.1,5,3.75,4.9,5,4.55,4.9,5,0
36,16,4.55,4.1,5,5.35,4.1,5,4.55,4.9,5,5.35,4.9,5,0
37,16,5.35,4.1,5,6.15,4.1,5,5.35,4.9,5,6.15,4.9,5,0
38,16,6.15,4.1,5,6.95,4.1,5,6.15,4.9,5,6.95,4.9,5,0
39,16,6.95,4.1,5,7.75,4.1,5,6.95,4.9,5,7.75,4.9,5,0
40,16,7.75,4.1,5,8.55,4.1,5,7.75,4.9,5,8.55,4.9,5,0
41,16,8.55,4.1,5,9.35,4.1,5,8.55,4.9,5,9.35,4.9,5,0
42,16,9.35,4.1,5,10.15,4.1,5,9.35,4.9,5,10.15,4.9,5,0
43,16,10.15,4.1,5,10.95,4.1,5,10.15,4.9,5,10.95,4.9,5,0
44,16,10.95,4.1,5,11.75,4.1,5,10.95,4.9,5,11.75,4.9,5,0
45,16,11.75,4.1,5,12.55,4.1,5,11.75,4.9,5,12.55,4.9,5,0
46,16,12.55,4.1,5,13.35,4.1,5,12.55,4.9,5,13.35,4.9,5,0
47,16,13.35,4.1,5,14.15,4.1,5,13.35,4.9,5,14.15,4.9,5,0
48,16,14.15,4.1,5,14.95,4.1,5,14.15,4.9,5,14.95,4.9,5,0
49,16,14.95,4.1,5,15.75,4.1,5,14.95,4.9,5,15.75,4.9,5,1
50,16,15.75,4.1,5,16.55,4.1,5,15.75,4.9,5,16.55,4.9,5,1
51,16,16.55,4.1,5,17.35,4.1,5,16.55,4.9,5,17.35,4.9,5,1
52,16,17.35,4.1,5,18.15,4.1,5,17.35,4.9,5,18.15,4.9,5,1
53,16,18.15,4.1,5,18.95,4.1,5,18.15,4.9,5,18.95,4.9,5,1
54,16,18.95,4.1,5,19.75,4.1,5,18.95,4.9,5,19.75,4.9,5,1
55,16,19.75,4.1,5,20.55,4.1,5,19.75,4.9,5,20.55,4.9,5,1
56,16,20.55,4.1,5,21.35,4.1,5,20.55,4.9,5,21.35,4.9,5,0
57,16,21.35,4.1,5,22.15,4.1,5,21.35,4.9,5,22.15,4.9,5,0
58,16,22.15,4.1,5,22.95,4.1,5,22.15,4.9,5,22.95,4.9,5,0
0,17,-24.25,4.9,5,-23.45,4.9,5,-24.25,5.7,5,-23.45,5.7,5,0
1,17,-23.45,4.9,5,-22.65,4.9,5,-23.45,5.7,5,-22.65,5.7,5,0
2,17,-22.65,4.9,5,-21.85,4.9,5,-22.65,5.7,5,-21.85,5.7,5,0
3,17,-21.85,4.9,5,-21.05,4.9,5,-21.85,5.7,5,-21.05,5.7,5,0
4,17,-21.05,4.9,5,-20.25,4.9,5,-21.05,5.7,5,-20.25,5.7,5,1
5,17,-20.25,4.9,5,-19.45,4.9,5,-20.25,5.7,5,-19.45,5.7,5,1
6,17,-19.45,4.9,5,-18.65,4.9,5,-19.45,5.7,5,-18.65,5.7,5,1
7,17,-18.65,4.9,5,-17.85,4.9,5,-18.65,5.7,5,-17.85,5.7,5,1
8,17,-17.85,4.9,5,-17.05,4.9,5,-17.85,5.7,5,-17.05,5.7,5,1
9,17,-17.05,4.9,5,-16.25,4.9,5,-17.05,5.7,5,-16.25,5.7,5,1
10,17,-16.25,4.9,5,-15.45,4.9,5,-16.25,5.7,5,-15.45,5.7,5,1
11,17,-15.45,4.9,5,-14.65,4.9,5,-15.45,5.7,5,-14.65,5.7,5,0
12,17,-14.65,4.9,5,-13.85,4.9,5,-14.65,5.7,5,-13.85,5.7,5,0
13,17,-13.85,4.9,5,-13.05,4.9,5,-13.85,5.7,5,-13.05,5.7,5,0
14,17,-13.05,4.9,5,-12.25,4.9,5,-13.05,5.7,5,-12.25,5.7,5,0
15,17,-12.25,4.9,5,-11.45,4.9,5,-12.25,5.7,5,-11.45,5.7,5,0
16,17,-11.45,4.9,5,-10.65,4.9,5,-11.45,5.7,5,-10.65,5.7,5,0
17,17,-10.65,4.9,5,-9.85,4.9,5,-10.65,5.7,5,-9.85,5.7,5,0
18,17,-9.85,4.9,5,-9.05,4.9,5,-9.85,5.7,5,-9.05,5.7,5,0
19,17,-9.05,4.9,5,-8.25,4.9,5,-9.05,5.7,5,-8.25,5.7,5,0
20,17,-8.25,4.9,5,-7.45,4.9,5,-8.25,5.7,5,-7.45,5.7,5,0
21,17,-7.45,4.9,5,-6.65,4.9,5,-7.45,5.7,5,-6.65,5.7,5,0
22,17,-6.65,4.9,5,-5.85,4.9,5,-6.65,5.7,5,-5.85,5.7,5,0
23,17,-5.85,4.9,5,-5.05,4.9,5,-5.85,5.7,5,-5.05,5.7,5,0
24,17,-5.05,4.9,5,-4.25,4.9,5,-5.05,5.7,5,-4.25,5.7,5,0
25,17,-4.25,4.9,5,-3.45,4.9,5,-4.25,5.7,5,-3.45,5.7,5,0
26,17,-3.45,4.9,5,-2.65,4.9,5,-3.45,5.7,5,-2.65,5.7,5,0
27,17,-2.65,4.9,5,-1.85,4.9,5,-2.65,5.7,5,-1.85,5.7,5,0
28,17,-1.85,4.9,5,-1.05,4.9,5,-1.85,5.7,5,-1.05,5.7,5,0
29,17,-1.05,4.9,5,-0.25,4.9,5,-1.05,5.7,5,-0.25,5.7,5,0
30,17,-0.25,4.9,5,0.549999,4.9,5,-0.25,5.7,5,0.549999,5.7,5,0
31,17,0.549999,4.9,5,1.35,4.9,5,0.549999,5.7,5,1.35,5.7,5,0
32,17,1.35,4.9,5,2.15,4.9,5,1.35,5.7,5,2.15,5.7,5,0
33,17,2.15,4.9,5,2.95,4.9,5,2.15,5.7,5,2.95,5.7,5,0
34,17,2.95,4.9,5,3.75,4.9,5,2.95,5.7,5,3.75,5.7,5,0
35,17,3.75,4.9,5,4.55,4.9,5,3.75,5.7,5,4.55,5.7,5,0
36,17,4.55,4.9,5,5.35,4.9,5,4.55,5.7,5,5.35,5.7,5,0
37,17,5.35,4.9,5,6.15,4.9,5,5.35,5.7,5,6.15,5.7,5,0
38,17,6.15,4.9,5,6.95,4.9,5,6.15,5.7,5,6.95,5.7,5,0
39,17,6.95,4.9,5,7.75,4.9,5,6.95,5.7,5,7.75,5.7,5,0
40,17,7.75,4.9,5,8.55,4.9,5,7.75,5.7,5,8.55,5.7,5,0
41,17,8.55,4.9,5,9.35,4.9,5,8.55,5.7,5,9.35,5.7,5,0
42,17,9.35,4.9,5,10.15,4.9,5,9.35,5.7,5,10.15,5.7,5,0
43,17,10.15,4.9,5,10.95,4.9,5,10.15,5.7,5,10.95,5.7,5,0
44,17,10.95,4.9,5,11.75,4.9,5,10.95,5.7,5,11.75,5.7,5,0
45,17,11.75,4.9,5,12.55,4.9,5,11.75,5.7,5,12.55,5.7,5,0
46,17,12.55,4.9,5,13.35,4.9,5,12.55,5.7,5,13.35,5.7,5,0
47,17,13.35,4.9,5,14.15,4.9,5,13.35,5.7,5,14.15,5.7,5,0
48,17,14.15,4.9,5,14.95,4.9,5,14.15,5.7,5,14.95,5.7,5,0
49,17,14.95,4.9,5,15.75,4.9,5,14.95,5.7,5,15.75,5.7,5,0
50,17,15.75,4.9,5,16.55,4.9,5,15.75,5.7,5,16.55,5.7,5,1
51,17,16.55,4.9,5,17.35,4.9,5,16.55,5.7,5,17.35,5.7,5,1
52,17,17.35,4.9,5,18.15,4.9,5,17.35,5.7,5,18.15,5.7,5,1
53,17,18.15,4.9,5,18.95,4.9,5,18.15,5.7,5,18.95,5.7,5,1
54,17,18.95,4.9,5,19.75,4.9,5,18.95,5.7,5,19.75,5.7,5,1
55,17,19.75,4.9,5,20.55,4.9,5,19.75,5.7,5,20.55,5.7,5,1
56,17,20.55,4.9,5,21.35,4.9,5,20.55,5.7,5,21.35,5.7,5,0
57,17,21.35,4.9,5,22.15,4.9,5,21.35,5.7,5,22.15,5.7,5,0
58,17,22.15,4.9,5,22.95,4.9,5,22.15,5.7,5,22.95,5.7,5,0
0,18,-24.25,5.7,5,-23.45,5.7,5,-24.25,6.5,5,-23.45,6.5,5,0
1,18,-23.45,5.7,5,-22.65,5.7,5,-23.45,6.5,5,-22.65,6.5,5,0
2,18,-22.65,5.7,5,-21.85,5.7,5,-22.65,6.5,5,-21.85,6.5,5,0
3,18,-21.85,5.7,5,-21.05,5.7,5,-21.85,6.5,5,-21.05,6.5,5,0
4,18,-21.05,5.7,5,-20.25,5.7,5,-21.05,6.5,5,-20.25,6.5,5,1
5,18,-20.25,5.7,5,-19.45,5.7,5,-20.25,6.5,5,-19.45,6.5,5,1
6,18,-19.45,5.7,5,-18.65,5.7,5,-19.45,6.5,5,-18.65,6.5,5,1
7,18,-18.65,5.7,5,-17.85,5.7,5,-18.65,6.5,5,-17.85,6.5,5,1
8,18,-17.85,5.7,5,-17.05,5.7,5,-17.85,6.5,5,-17.05,6.5,5,1
9,18,-17.05,5.7,5,-16.25,5.7,5,-17.05,6.5,5,-16.25,6.5,5,1
10,18,-16.25,5.7,5,-15.45,5.7,5,-16.25,6.5,5,-15.45,6.5,5,0
11,18,-15.45,5.7,5,-14.65,5.7,5,-15.45,6.5,5,-14.65,6.5,5,0
12,18,-14.65,5.7,5,-13.85,5.7,5,-14.65,6.5,5,-13.85,6.5,5,0
13,18,-13.85,5.7,5,-13.05,5.7,5,-13.85,6.5,5,-13.05,6.5,5,0
14,18,-13.05,5.7,5,-12.25,5.7,5,-13.05,6.5,5,-12.25,6.5,5,0
15,18,-12.25,5.7,5,-11.45,5.7,5,-12.25,6.5,5,-11.45,6.5,5,0
16,18,-11.45,5.7,5,-10.65,5.7,5,-11.45,6.5,5,-10.65,6.5,5,0
17,18,-10.65,5.7,5,-9.85,5.7,5,-10.65,6.5,5,-9.85,6.5,5,0
18,18,-9.85,5.7,5,-9.05,5.7,5,-9.85,6.5,5,-9.05,6.5,5,0
19,18,-9.05,5.7,5,-8.25,5.7,5,-9.05,6.5,5,-8.25,6.5,5,0
20,18,-8.25,5.7,5,-7.45,5.7,5,-8.25,6.5,5,-7.45,6.5,5,0
21,18,-7.45,5.7,5,-6.65,5.7,5,-7.45,6.5,5,-6.65,6.5,5,0
22,18,-6.65,5.7,5,-5.85,5.7,5,-6.65,6.5,5,-5.85,6.5,5,0
23,18,-5.85,5.7,5,-5.05,5.7,5,-5.85,6.5,5,-5.05,6.5,5,0
24,18,-5.05,5.7,5,-4.25,5.7,5,-5.05,6.5,5,-4.25,6.5,5,0
25,18,-4.25,5.7,5,-3.45,5.7,5,-4.25,6.5,5,-3.45,6.5,5,0
26,18,-3.45,5.7,5,-2.65,5.7,5,-3.45,6.5,5,-2.65,6.5,5,0
27,18,-2.65,5.7,5,-1.85,5.7,5,-2.65,6.5,5,-1.85,6.5,5,0
28,18,-1.85,5.7,5,-1.05,5.7,5,-1.85,6.5,5,-1.05,6.5,5,0
29,18,-1.05,5.7,5,-0.25,5.7,5,-1.05,6.5,5,-0.25,6.5,5,0
30,18,-0.25,5.7,5,0.549999,5.7,5,-0.25,6.5,5,0.549999,6.5,5,0
31,18,0.549999,5.7,5,1.35,5.7,5,0.549999,6.5,5,1.35,6.5,5,0
32,18,1.35,5.7,5,2.15,5.7,5,1.35,6.5,5,2.15,6.5,5,0
33,18,2.15,5.7,5,2.95,5.7,5,2.15,6.5,5,2.95,6.5,5,0
34,18,2.95,5.7,5,3.75,5.7,5,2.95,6.5,5,3.75,6.5,5,0
35,18,3.75,5.7,5,4.55,5.7,5,3.75,6.5,5,4.55,6.5,5,0
36,18,4.55,5.7,5,5.35,5.7,5,4.55,6.5,5,5.35,6.5,5,0
37,18,5.35,5.7,5,6.15,5.7,5,5.35,6.5,5,6.15,6.5,5,0
38,18,6.15,5.7,5,6.95,5.7,5,6.15,6.5,5,6.95,6.5,5,0
39,18,6.95,5.7,5,7.75,5.7,5,6.95,6.5,5,7.75,6.5,5,0
40,18,7.75,5.7,5,8.55,5.7,5,7.75,6.5,5,8.55,6.5,5,0
41,18,8.55,5.7,5,9.35,5.7,5,8.55,6.5,5,9.35,6.5,5,0
42,18,9.35,5.7,5,10.15,5.7,5,9.35,6.5,5,10.15,6.5,5,0
43,18,10.15,5.7,5,10.95,5.7,5,10.15,6.5,5,10.95,6.5,5,0
44,18,10.95,5.7,5,11.75,5.7,5,10.95,6.5,5,11.75,6.5,5,0
45,18,11.75,5.7,5,12.55,5.7,5,11.75,6.5,5,12.55,6.5,5,0
46,18,12.55,5.7,5,13.35,5.7,5,12.55,6.5,5,13.35,6.5,5,0
47,18,13.35,5.7,5,14.15,5.7,5,13.35,6.5,5,14.15,6.5,5,0
48,18,14.15,5.7,5,14.95,5.7,5,14.15,6.5,5,14.95,6.5,5,0
49,18,14.95,5.7,5,15.75,5.7,5,14.95,6.5,5,15.75,6.5,5,0
50,18,15.75,5.7,5,16.55,5.7,5,15.75,6.5,5,16.55,6.5,5,0
51,18,16.55,5.7,5,17.35,5.7,5,16.55,6.5,5,17.35,6.5,5,1
52,18,17.35,5.7,5,18.15,5.7,5,17.35,6.5,5,18.15,6.5,5,1
53,18,18.15,5.7,5,18.95,5.7,5,18.15,6.5,5,18.95,6.5,5,1
54,18,18.95,5.7,5,19.75,5.7,5,18.95,6.5,5,19.75,6.5,5,1
55,18,19.75,5.7,5,20.55,5.7,5,19.75,6.5,5,20.55,6.5,5,1
56,18,20.55,5.7,5,21.35,5.7,5,20.55,6.5,5,21.35,6.5,5,0
57,18,21.35,5.7,5,22.15,5.7,5,21.35,6.5,5,22.15,6.5,5,0
58,18,22.15,5.7,5,22.95,5.7,5,22.15,6.5,5,22.95,6.5,5,0
0,19,-24.25,6.5,5,-23.45,6.5,5,-24.25,7.3,5,-23.45,7.3,5,0
1,19,-23.45,6.5,5,-22.65,6.5,5,-23.45,7.3,5,-22.65,7.3,5,0
2,19,-22.65,6.5,5,-21.85,6.5,5,-22.65,7.3,5,-21.85,7.3,5,0
3,19,-21.85,6.5,5,-21.05,6.5,5,-21.85,7.3,5,-21.05,7.3,5,0
4,19,-21.05,6.5,5,-20.25,6.5,5,-21.05,7.3,5,-20.25,7.3,5,1
5,19,-20.25,6.5,5,-19.45,6.5,5,-20.25,7.3,5,-19.45,7.3,5,1
6,19,-19.45,6.5,5,-18.65,6.5,5,-19.45,7.3,5,-18.65,7.3,5,1
7,19,-18.65,6.5,5,-17.85,6.5,5,-18.65,7.3,5,-17.85,7.3,5,1
8,19,-17.85,6.5,5,-17.05,6.5,5,-17.85,7.3,5,-17.05,7.3,5,1
9,19,-17.05,6.5,5,-16.25,6.5,5,-17.05,7.3,5,-16.25,7.3,5,1
10,19,-16.25,6.5,5,-15.45,6.5,5,-16.25,7.3,5,-15.45,7.3,5,0
11,19,-15.45,6.5,5,-14.65,6.5,5,-15.45,7.3,5,-14.65,7.3,5,0
12,19,-14.65,6.5,5,-13.85,6.5,5,-14.65,7.3,5,-13.85,7.3,5,0
13,19,-13.85,6.5,5,-13.05,6.5,5,-13.85,7.3,5,-13.05,7.3,5,0
14,19,-13.05,6.5,5,-12.25,6.5,5,-13.05,7.3,5,-12.25,7.3,5,0
15,19,-12.25,6.5,5,-11.45,6.5,5,-12.25,7.3,5,-11.45,7.3,5,0
16,19,-11.45,6.5,5,-10.65,6.5,5,-11.45,7.3,5,-10.65,7.3,5,0
17,19,-10.65,6.5,5,-9.85,6.5,5,-10.65,7.3,5,-9.85,7.3,5,0
18,19,-9.85,6.5,5,-9.05,6.5,5,-9.85,7.3,5,-9.05,7.3,5,0
19,19,-9.05,6.5,5,-8.25,6.5,5,-9.05,7.3,5,-8.25,7.3,5,0
20,19,-8.25,6.5,5,-7.45,6.5,5,-8.25,7.3,5,-7.45,7.3,5,0
21,19,-7.45,6.5,5,-6.65,6.5,5,-7.45,7.3,5,-6.65,7.3,5,0
22,19,-6.65,6.5,5,-5.85,6.5,5,-6.65,7.3,5,-5.85,7.3,5,0
23,19,-5.85,6.5,5,-5.05,6.5,5,-5.85,7.3,5,-5.05,7.3,5,0
24,19,-5.05,6.5,5,-4.25,6.5,5,-5.05,7.3,5,-4.25,7.3,5,0
25,19,-4.25,6.5,5,-3.45,6.5,5,-4.25,7.3,5,-3.45,7.3,5,0
26,19,-3.45,6.5,5,-2.65,6.5,5,-3.45,7.3,5,-2.65,7.3,5,0
27,19,-2.65,6.5,5,-1.85,6.5,5,-2.65,7.3,5,-1.85,7.3,5,0
28,19,-1.85,6.5,5,-1.05,6.5,5,-1.85,7.3,5,-1.05,7.3,5,0
29,19,-1.05,6.5,5,-0.25,6.5,5,-1.05,7.3,5,-0.25,7.3,5,0
30,19,-0.25,6.5,5,0.549999,6.5,5,-0.25,7.3,5,0.549999,7.3,5,0
31,19,0.549999,6.5,5,1.35,6.5,5,0.549999,7.3,5,1.35,7.3,5,0
32,19,1.35,6.5,5,2.15,6.5,5,1.35,7.3,5,2.15,7.3,5,0
33,19,2.15,6.5,5,2.95,6.5,5,2.15,7.3,5,2.95,7.3,5,0
34,19,2.95,6.5,5,3.75,6.5,5,2.95,7.3,5,3.75,7.3,5,0
35,19,3.75,6.5,5,4.55,6.5,5,3.75,7.3,5,4.55,7.3,5,0
36,19,4.55,6.5,5,5.35,6.5,5,4.55,7.3,5,5.35,7.3,5,0
37,19,5.35,6.5,5,6.15,6.5,5,5.35,7.3,5,6.15,7.3,5,0
38,19,6.15,6.5,5,6.95,6.5,5,6.15,7.3,5,6.95,7.3,5,0
39,19,6.95,6.5,5,7.75,6.5,5,6.95,7.3,5,7.75,7.3,5,0
40,19,7.75,6.5,5,8.55,6.5,5,7.75,7.3,5,8.55,7.3,5,0
41,19,8.55,6.5,5,9.35,6.5,5,8.55,7.3,5,9.35,7.3,5,0
42,19,9.35,6.5,5,10.15,6.5,5,9.35,7.3,5,10.15,7.3,5,0
43,19,10.15,6.5,5,10.95,6.5,5,10.15,7.3,5,10.95,7.3,5,0
44,19,10.95,6.5,5,11.75,6.5,5,10.95,7.3,5,11.75,7.3,5,0
45,19,11.75,6.5,5,12.55,6.5,5,11.75,7.3,5,12.55,7.3,5,0
46,19,12.55,6.5,5,13.35,6.5,5,12.55,7.3,5,13.35,7.3,5,0
47,19,13.35,6.5,5,14.15,6.5,5,13.35,7.3,5,14.15,7.3,5,0
48,19,14.15,6.5,5,14.95,6.5,5,14.15,7.3,5,14.95,7.3,5,0
49,19,14.95,6.5,5,15.75,6.5,5,14.95,7.3,5,15.75,7.3,5,0
50,19,15.75,6.5,5,16.55,6.5,5,15.75,7.3,5,16.55,7.3,5,0
51,19,16.55,6.5,5,17.35,6.5,5,16.55,7.3,5,17.35,7.3,5,0
52,19,17.35,6.5,5,18.15,6.5,5,17.35,7.3,5,18.15,7.3,5,1
53,19,18.15,6.5,5,18.95,6.5,5,18.15,7.3,5,18.95,7.3,5,1
54,19,18.95,6.5,5,19.75,6.5,5,18.95,7.3,5,19.75,7.3,5,1
55,19,19.75,6.5,5,20.55,6.5,5,19.75,7.3,5,20.55,7.3,5,1
56,19,20.55,6.5,5,21.35,6.5,5,20.55,7.3,5,21.35,7.3,5,0
57,19,21.35,6.5,5,22.15,6.5,5,21.35,7.3,5,22.15,7.3,5,0
58,19,22.15,6.5,5,22.95,6.5,5,22.15,7.3,5,22.95,7.3,5,0
